24.38345436430244 -inf
24.628352323486116 -229.2297127309513
24.87325028266979 -229.93819990355541
25.11814824185346 -230.64249764173599
25.363046201037136 -231.34983942642998
25.60794416022081 -232.05711727542234
25.85284211940448 -232.76005903194786
26.097740078588156 -233.4635775570598
26.34263803777183 -234.16609987178074
26.587535996955502 -234.86478058893198
26.832433956139177 -235.5674258545388
27.07733191532285 -236.27427883777162
27.322229874506522 -236.98530654855915
27.567127833690197 -237.7093488999219
27.81202579287387 -238.43966672190265
28.056923752057543 -239.16560084603978
28.301821711241217 -239.89334016437763
28.546719670424892 -240.62015079897984
28.791617629608563 -241.34409628895008
29.036515588792238 -242.07390497089696
29.281413547975912 -242.8079117615077
29.526311507159583 -243.54689508494747
29.771209466343258 -244.3048295334685
30.016107425526933 -245.08487849596472
30.261005384710604 -245.89613381360095
30.50590334389428 -246.76856017351108
30.750801303077953 -247.71362723851777
30.995699262261624 -248.76010665228293
31.2405972214453 -249.9866073189122
31.48549518062897 -251.4144865926059
31.730393139812644 -253.24083821903199
31.97529109899632 -256.0926931758086
32.22018905818 -292.12950160599075
32.465087017363665 -inf
32.70998497654734 -inf
32.954882935731014 -inf
33.19978089491469 -inf
33.44467885409836 -inf
33.68957681328204 -inf
33.934474772465705 -inf
34.17937273164938 -inf
34.424270690833055 -inf
34.66916865001673 -inf
34.914066609200404 -inf
35.15896456838408 -inf
35.403862527567746 -inf
35.64876048675142 -inf
35.893658445935095 -inf
36.13855640511877 -inf
36.383454364302445 -inf
24.38345436430244 -inf
24.628352323486116 10.660716110252174
24.87325028266979 10.405389201945217
25.11814824185346 10.134100230725858
25.363046201037136 9.85003250392027
25.60794416022081 9.555407174290986
25.85284211940448 9.250149650601193
26.097740078588156 8.937032874748121
26.34263803777183 8.615402554499662
26.587535996955502 8.287143661430251
26.832433956139177 7.953782915240632
27.07733191532285 7.614919996505385
27.322229874506522 7.272344033518699
27.567127833690197 6.926835537881443
27.81202579287387 6.5774721740321755
28.056923752057543 6.225017412361441
28.301821711241217 5.868819782454504
28.546719670424892 5.506523655868654
28.791617629608563 5.137619242852723
29.036515588792238 4.7597001491804605
29.281413547975912 4.368990936702897
29.526311507159583 3.9632826981525224
29.771209466343258 3.538367087621345
30.016107425526933 3.0892179311314476
30.261005384710604 2.6068550369257006
30.50590334389428 2.077606229773032
30.750801303077953 1.481739271069342
30.995699262261624 0.7869758982222433
31.2405972214453 -0.06865821680411056
31.48549518062897 -1.1901880184891038
31.730393139812644 -2.8147940269814957
31.97529109899632 -7.013651891691865
32.22018905818 -42.9675910865474
32.465087017363665 -271.2539933354387
32.70998497654734 -271.2539933354387
32.954882935731014 -271.2539933354387
33.19978089491469 -271.2539933354387
33.44467885409836 -271.2539933354387
33.68957681328204 -271.2539933354387
33.934474772465705 -271.2539933354387
34.17937273164938 -271.2539933354387
34.424270690833055 -271.2539933354387
34.66916865001673 -271.2539933354387
34.914066609200404 -271.2539933354387
35.15896456838408 -271.2539933354387
35.403862527567746 -271.2539933354387
35.64876048675142 -271.2539933354387
35.893658445935095 -271.2539933354387
36.13855640511877 -271.2539933354387
36.383454364302445 -inf
24.38345436430244 -inf
24.628352323486116 11.113039996254498
24.87325028266979 10.857709369338732
25.11814824185346 10.5864177929179
25.363046201037136 10.302348231112356
25.60794416022081 10.007721612723085
25.85284211940448 9.702463217195326
26.097740078588156 9.389345870359344
26.34263803777183 9.067715191380564
26.587535996955502 8.73945606604054
26.832433956139177 8.406095070327959
27.07733191532285 8.067231626128294
27.322229874506522 7.72465429891824
27.567127833690197 7.379142358067287
27.81202579287387 7.029770644076569
28.056923752057543 6.677296197440231
28.301821711241217 6.321052814276439
28.546719670424892 5.958650829330144
28.791617629608563 5.589506651501109
29.036515588792238 5.211060549419438
29.281413547975912 4.819244498583578
29.526311507159583 4.411441211165434
29.771209466343258 3.982781280813732
30.016107425526933 3.5276464740855147
30.261005384710604 3.037245316407028
30.50590334389428 2.4975991673476545
30.750801303077953 1.8901732572947203
30.995699262261624 1.184586970655604
31.2405972214453 0.3189635865948567
31.48549518062897 -0.8089118500737538
31.730393139812644 -2.436783589338339
31.97529109899632 -6.5722253723079005
32.22018905818 -42.588809600414514
32.465087017363665 -270.7896764992719
32.70998497654734 -270.7896764992719
32.954882935731014 -270.7896764992719
33.19978089491469 -270.7896764992719
33.44467885409836 -270.7896764992719
33.68957681328204 -270.7896764992719
33.934474772465705 -270.7896764992719
34.17937273164938 -270.7896764992719
34.424270690833055 -270.7896764992719
34.66916865001673 -270.7896764992719
34.914066609200404 -270.7896764992719
35.15896456838408 -270.7896764992719
35.403862527567746 -270.7896764992719
35.64876048675142 -270.7896764992719
35.893658445935095 -270.7896764992719
36.13855640511877 -270.7896764992719
36.383454364302445 -inf
24.38345436430244 -inf
24.628352323486116 11.346880644254103
24.87325028266979 11.091546919398965
25.11814824185346 10.820253179782105
25.363046201037136 10.536182101038714
25.60794416022081 10.24155442521947
25.85284211940448 9.936295325434374
26.097740078588156 9.623177534220915
26.34263803777183 9.301546604767942
26.587535996955502 8.973287366365463
26.832433956139177 8.63992630713222
27.07733191532285 8.301062704216296
27.322229874506522 7.95848480708874
27.567127833690197 7.6129711918037835
27.81202579287387 7.2635951287670055
28.056923752057543 6.911110071001313
28.301821711241217 6.554841601480254
28.546719670424892 6.192381055878987
28.791617629608563 5.823103513652587
29.036515588792238 5.444362939540312
29.281413547975912 5.051924955375333
29.526311507159583 4.642934557366719
29.771209466343258 4.212124313365079
30.016107425526933 3.7534794487655847
30.261005384710604 3.2582365609383217
30.50590334389428 2.7120942389446254
30.750801303077953 2.0971227837075888
30.995699262261624 1.3841285769520253
31.2405972214453 0.5112551219698507
31.48549518062897 -0.621521091143386
31.730393139812644 -2.252061494775603
31.97529109899632 -6.344539390017787
32.22018905818 -42.39614959617552
32.465087017363665 -270.5535706564933
32.70998497654734 -270.5535706564933
32.954882935731014 -270.5535706564933
33.19978089491469 -270.5535706564933
33.44467885409836 -270.5535706564933
33.68957681328204 -270.5535706564933
33.934474772465705 -270.5535706564933
34.17937273164938 -270.5535706564933
34.424270690833055 -270.5535706564933
34.66916865001673 -270.5535706564933
34.914066609200404 -270.5535706564933
35.15896456838408 -270.5535706564933
35.403862527567746 -270.5535706564933
35.64876048675142 -270.5535706564933
35.893658445935095 -270.5535706564933
36.13855640511877 -270.5535706564933
36.383454364302445 -inf
24.38345436430244 -inf
24.628352323486116 11.481970520528083
24.87325028266979 11.226634440960034
25.11814824185346 10.955339065531486
25.363046201037136 10.671266847092232
25.60794416022081 10.376638384689686
25.85284211940448 10.071378770669481
26.097740078588156 9.758260667745542
26.34263803777183 9.436629582141565
26.587535996955502 9.10837030530727
26.832433956139177 8.775009269229235
27.07733191532285 8.436145664272578
27.322229874506522 8.093567547771476
27.567127833690197 7.748053075705669
27.81202579287387 7.3986745693550455
28.056923752057543 7.0461833042193325
28.301821711241217 6.689899882548676
28.546719670424892 6.3274041078536225
28.791617629608563 5.9580459233523655
29.036515588792238 5.5791266631818
29.281413547975912 5.186309925722283
29.526311507159583 4.776592994261021
29.771209466343258 4.344456359331835
30.016107425526933 3.883619530350767
30.261005384710604 3.385303480411464
30.50590334389428 2.8349437119469516
30.750801303077953 2.214935698967337
30.995699262261624 1.4968435908425843
31.2405972214453 0.6187920240528608
31.48549518062897 -0.5176187608652355
31.730393139812644 -2.150200529085078
31.97529109899632 -6.2132102037543975
32.22018905818 -42.28527155747992
32.465087017363665 -270.41657809985657
32.70998497654734 -270.41657809985657
32.954882935731014 -270.41657809985657
33.19978089491469 -270.41657809985657
33.44467885409836 -270.41657809985657
33.68957681328204 -270.41657809985657
33.934474772465705 -270.41657809985657
34.17937273164938 -270.41657809985657
34.424270690833055 -270.41657809985657
34.66916865001673 -270.41657809985657
34.914066609200404 -270.41657809985657
35.15896456838408 -270.41657809985657
35.403862527567746 -270.41657809985657
35.64876048675142 -270.41657809985657
35.893658445935095 -270.41657809985657
36.13855640511877 -270.41657809985657
36.383454364302445 -inf
24.38345436430244 -inf
24.628352323486116 11.56325191851831
24.87325028266979 11.307914132258434
25.11814824185346 11.036617578276243
25.363046201037136 10.752544544916658
25.60794416022081 10.45791552654701
25.85284211940448 10.152655556756143
26.097740078588156 9.839537248064818
26.34263803777183 9.517906074298466
26.587535996955502 9.189646801612612
26.832433956139177 8.85628582565984
27.07733191532285 8.517422283128818
27.322229874506522 8.174844109875654
27.567127833690197 7.829329196705881
27.81202579287387 7.479949266401475
28.056923752057543 7.127454215326979
28.301821711241217 6.771161493808221
28.546719670424892 6.408643602201094
28.791617629608563 6.039234543343733
29.036515588792238 5.660202223218319
29.281413547975912 5.267145214947202
29.526311507159583 4.856965903158612
29.771209466343258 4.423980942463479
30.016107425526933 3.9617312853084083
30.261005384710604 3.461413752043132
30.50590334389428 2.908266948732708
30.750801303077953 2.2848694025247296
30.995699262261624 1.5632759903597715
31.2405972214453 0.6815791044340501
31.48549518062897 -0.4574542315037888
31.730393139812644 -2.0915377118415703
31.97529109899632 -6.134319331253439
32.22018905818 -42.2185819275547
32.465087017363665 -270.33816026867834
32.70998497654734 -270.33816026867834
32.954882935731014 -270.33816026867834
33.19978089491469 -270.33816026867834
33.44467885409836 -270.33816026867834
33.68957681328204 -270.33816026867834
33.934474772465705 -270.33816026867834
34.17937273164938 -270.33816026867834
34.424270690833055 -270.33816026867834
34.66916865001673 -270.33816026867834
34.914066609200404 -270.33816026867834
35.15896456838408 -270.33816026867834
35.403862527567746 -270.33816026867834
35.64876048675142 -270.33816026867834
35.893658445935095 -270.33816026867834
36.13855640511877 -270.33816026867834
36.383454364302445 -inf
24.38345436430244 -inf
24.628352323486116 11.612877966584099
24.87325028266979 11.357538984545872
25.11814824185346 11.086241610230138
25.363046201037136 10.802168014384428
25.60794416022081 10.507538617203904
25.85284211940448 10.202278410866368
26.097740078588156 9.889159972900302
26.34263803777183 9.56752875539011
26.587535996955502 9.239269507780618
26.832433956139177 8.90590860226778
27.07733191532285 8.567045142021087
27.322229874506522 8.224466984881547
27.567127833690197 7.878951851382241
27.81202579287387 7.5295710800635005
28.056923752057543 7.1770736778832385
28.301821711241217 6.820775064000925
28.546719670424892 6.458243029498214
28.791617629608563 6.088801287745109
29.036515588792238 5.709696146778887
29.281413547975912 5.3164840724475075
29.526311507159583 4.906005684400451
29.771209466343258 4.472470217215556
30.016107425526933 4.009299087931892
30.261005384710604 3.507667257215985
30.50590334389428 2.9526726821878926
30.750801303077953 2.3270004881042072
30.995699262261624 1.60302502143906
31.2405972214453 0.7188062838093484
31.48549518062897 -0.42207181695860013
31.730393139812644 -2.0572252630575254
31.97529109899632 -6.086237761348209
32.22018905818 -42.17784257554705
32.465087017363665 -270.2908417157239
32.70998497654734 -270.2908417157239
32.954882935731014 -270.2908417157239
33.19978089491469 -270.2908417157239
33.44467885409836 -270.2908417157239
33.68957681328204 -270.2908417157239
33.934474772465705 -270.2908417157239
34.17937273164938 -270.2908417157239
34.424270690833055 -270.2908417157239
34.66916865001673 -270.2908417157239
34.914066609200404 -270.2908417157239
35.15896456838408 -270.2908417157239
35.403862527567746 -270.2908417157239
35.64876048675142 -270.2908417157239
35.893658445935095 -270.2908417157239
36.13855640511877 -270.2908417157239
36.383454364302445 -inf
24.38345436430244 -inf
24.628352323486116 11.64323477864023
24.87325028266979 11.38789498299323
25.11814824185346 11.116597054451951
25.363046201037136 10.832523082041263
25.60794416022081 10.537893434872247
25.85284211940448 10.232633076742937
26.097740078588156 9.919514561451571
26.34263803777183 9.59788332688385
26.587535996955502 9.269624111635924
26.832433956139177 8.936263272939078
27.07733191532285 8.597399893102825
27.322229874506522 8.25482177979929
27.567127833690197 7.909306543970602
27.81202579287387 7.559925276729672
28.056923752057543 7.20742640973055
28.301821711241217 6.8511240491712275
28.546719670424892 6.488582940290741
28.791617629608563 6.119120135984488
29.036515588792238 5.739967955844724
29.281413547975912 5.346655552994276
29.526311507159583 4.935983349841732
29.771209466343258 4.502090337937745
30.016107425526933 4.03831871810406
30.261005384710604 3.535826565334763
30.50590334389428 2.9796147638539447
30.750801303077953 2.352431983985248
30.995699262261624 1.626859994385896
31.2405972214453 0.7409317386874138
31.48549518062897 -0.4012111889147202
31.730393139812644 -2.0371046561970796
31.97529109899632 -6.0568806678746006
32.22018905818 -42.15290495909093
32.465087017363665 -270.2606947030288
32.70998497654734 -270.2606947030288
32.954882935731014 -270.2606947030288
33.19978089491469 -270.2606947030288
33.44467885409836 -270.2606947030288
33.68957681328204 -270.2606947030288
33.934474772465705 -270.2606947030288
34.17937273164938 -270.2606947030288
34.424270690833055 -270.2606947030288
34.66916865001673 -270.2606947030288
34.914066609200404 -270.2606947030288
35.15896456838408 -270.2606947030288
35.403862527567746 -270.2606947030288
35.64876048675142 -270.2606947030288
35.893658445935095 -270.2606947030288
36.13855640511877 -270.2606947030288
36.383454364302445 -inf
24.38345436430244 -inf
24.628352323486116 11.661713567516113
24.87325028266979 11.406373233297495
25.11814824185346 11.135074940640306
25.363046201037136 10.851000723268898
25.60794416022081 10.556370916039894
25.85284211940448 10.251110463811917
26.097740078588156 9.93799190471139
26.34263803777183 9.616360667602192
26.587535996955502 9.28810148418309
26.832433956139177 8.954740702302102
27.07733191532285 8.615877391433697
27.322229874506522 8.273299327226328
27.567127833690197 7.927784050556644
27.81202579287387 7.578402494196289
28.056923752057543 7.2259027199908825
28.301821711241217 6.869597990669867
28.546719670424892 6.507051093742188
28.791617629608563 6.137574798112622
29.036515588792238 5.758392423081174
29.281413547975912 5.365015530538861
29.526311507159583 4.954218595791309
29.771209466343258 4.520095128714883
30.016107425526933 4.055935592297727
30.261005384710604 3.552886032095681
30.50590334389428 2.9958822754700343
30.750801303077953 2.3677114140703104
30.995699262261624 1.6410887352839618
31.2405972214453 0.7540267608879773
31.48549518062897 -0.3889615095107136
31.730393139812644 -2.0253525356284996
31.97529109899632 -6.039044479084949
32.22018905818 -42.13771540524252
32.465087017363665 -270.242902943547
32.70998497654734 -270.242902943547
32.954882935731014 -270.242902943547
33.19978089491469 -270.242902943547
33.44467885409836 -270.242902943547
33.68957681328204 -270.242902943547
33.934474772465705 -270.242902943547
34.17937273164938 -270.242902943547
34.424270690833055 -270.242902943547
34.66916865001673 -270.242902943547
34.914066609200404 -270.242902943547
35.15896456838408 -270.242902943547
35.403862527567746 -270.242902943547
35.64876048675142 -270.242902943547
35.893658445935095 -270.242902943547
36.13855640511877 -270.242902943547
36.383454364302445 -inf
24.38345436430244 -inf
24.628352323486116 11.672866566578033
24.87325028266979 11.417525885078987
25.11814824185346 11.146227359511046
25.363046201037136 10.862152987116826
25.60794416022081 10.567523080363012
25.85284211940448 10.26226257178689
26.097740078588156 9.94914398942673
26.34263803777183 9.627512756569725
26.587535996955502 9.299253600627381
26.832433956139177 8.965892863682125
27.07733191532285 8.627029607436226
27.322229874506522 8.28445158734951
27.567127833690197 7.938936300033288
27.81202579287387 7.589554578093739
28.056923752057543 7.237054248410719
28.301821711241217 6.880748038093887
28.546719670424892 6.518197490838025
28.791617629608563 6.148712652172335
29.036515588792238 5.769511118782057
29.281413547975912 5.376093259652593
29.526311507159583 4.965217015970087
29.771209466343258 4.530946857564721
30.016107425526933 4.066540026185231
30.261005384710604 3.5631344350609635
30.50590334389428 3.0056234479834307
30.750801303077953 2.3768175309977915
30.995699262261624 1.6495168514227456
31.2405972214453 0.7617195192363265
31.48549518062897 -0.38181996873235047
31.730393139812644 -2.0185367778097665
31.97529109899632 -6.0282995683684835
32.22018905818 -42.128542191410766
32.465087017363665 -270.2283099279892
32.70998497654734 -270.2283099279892
32.954882935731014 -270.2283099279892
33.19978089491469 -270.2283099279892
33.44467885409836 -270.2283099279892
33.68957681328204 -270.2283099279892
33.934474772465705 -270.2283099279892
34.17937273164938 -270.2283099279892
34.424270690833055 -270.2283099279892
34.66916865001673 -270.2283099279892
34.914066609200404 -270.2283099279892
35.15896456838408 -270.2283099279892
35.403862527567746 -270.2283099279892
35.64876048675142 -270.2283099279892
35.893658445935095 -270.2283099279892
36.13855640511877 -270.2283099279892
36.383454364302445 -inf
