7.5 -229.7788046626731
7.633165829145729 -29.160688630768778
7.766331658291457 27.39112352420485
7.899497487437186 27.793689141510338
8.032663316582914 28.20307984543673
8.165829145728644 28.622206660203698
8.298994974874372 29.0569051062078
8.4321608040201 29.50638043356918
8.56532663316583 29.96482943443673
8.698492462311558 30.428247143062404
8.831658291457286 30.89329462606238
8.964824120603016 31.35807403696604
9.097989949748744 31.821135398178384
9.231155778894472 32.28033672634328
9.364321608040202 32.73079732072673
9.49748743718593 33.16368732186376
9.630653266331658 33.56573519338154
9.763819095477388 33.89257201067113
9.896984924623116 34.135126083247464
10.030150753768844 34.308999937537735
10.163316582914572 34.432336195420255
10.296482412060302 34.525280287521504
10.42964824120603 34.60263241676079
10.56281407035176 34.673678819327534
10.695979899497488 34.7416974701682
10.829145728643216 34.807500836268865
10.962311557788944 34.87141707493861
11.095477386934673 34.93340675299487
11.228643216080402 34.99264814871508
11.361809045226131 35.049316919333265
11.49497487437186 35.10305968392995
11.628140703517587 35.15349981569836
11.761306532663315 35.20024031383248
11.894472361809045 35.24186726349887
12.027638190954773 35.27823142961986
12.160804020100503 35.309304882735574
12.293969849246231 35.334701046663334
12.42713567839196 35.35405178581486
12.560301507537687 35.36636841659669
12.693467336683417 35.3704300412481
12.826633165829145 35.367272830347176
12.959798994974875 35.35664204506173
13.092964824120603 35.33829045200292
13.226130653266331 35.311976578049595
13.35929648241206 35.27508076322475
13.492462311557789 35.22938127927356
13.625628140703517 35.17483031324093
13.758793969849247 35.11126280140457
13.891959798994975 35.038584831978596
14.025125628140703 34.9554273807866
14.158291457286431 34.86294742712347
14.29145728643216 34.76408950559567
14.424623115577889 34.66183689597934
14.557788944723619 34.56058132780342
14.690954773869347 34.4673413010003
14.824120603015075 34.39897234952777
14.957286432160803 34.36054821967268
15.090452261306531 34.35338267772984
15.22361809045226 34.37494638120466
15.35678391959799 34.419330818025806
15.489949748743719 34.47994093958631
15.623115577889447 34.54688893865461
15.756281407035175 34.61693052339691
15.889447236180905 34.68846322760032
16.02261306532663 34.76056004914496
16.155778894472363 34.83276494921553
16.28894472361809 34.90486252252942
16.42211055276382 34.97680854542168
16.555276381909547 35.04857133113155
16.688442211055275 35.120123008076646
16.821608040201006 35.19143513888051
16.95477386934673 35.262382943393135
17.087939698492463 35.33299779662673
17.22110552763819 35.403237814448275
17.35427135678392 35.47305710024926
17.48743718592965 35.54240558197187
17.620603015075375 35.61111006589969
17.753768844221106 35.67910919611458
17.886934673366834 35.746384173570284
18.020100502512562 35.81285009988629
18.15326633165829 35.87841472521737
18.28643216080402 35.942891629274705
18.41959798994975 36.005927867692286
18.552763819095475 36.06760929060215
18.685929648241206 36.12778470523832
18.819095477386934 36.1862904551135
18.952261306532662 36.24295000066421
19.085427135678394 36.29694925699013
19.21859296482412 36.34840923904685
19.35175879396985 36.39715352055571
19.484924623115578 36.442900415557396
19.618090452261306 36.485346716261496
19.751256281407034 36.52356335177525
19.884422110552762 36.55688901147393
20.017587939698494 36.58544975415577
20.15075376884422 36.608769685260526
20.28391959798995 36.62633682750086
20.417085427135678 36.63739253765893
20.550251256281406 36.639309340358174
20.683417085427134 36.63303399215504
20.816582914572862 36.6177678562853
20.949748743718594 36.59265071346536
21.08291457286432 36.5567583972813
21.21608040201005 36.5061899521202
21.349246231155778 36.440677985880605
21.482412060301506 36.359884669848576
21.615577889447238 36.26232770962639
21.748743718592962 36.14638762696935
21.881909547738694 36.00799532290394
22.015075376884422 35.841336294813026
22.14824120603015 35.647324422879194
22.281407035175878 35.421837308043834
22.414572864321606 35.15931190102301
22.547738693467338 34.85248438466089
22.680904522613062 34.46620965366189
22.814070351758794 33.98405121982731
22.94723618090452 33.36680034402517
23.08040201005025 32.558191984588625
23.21356783919598 31.48435290546915
23.346733668341706 29.950973598616496
23.479899497487438 27.746082494941444
23.613065326633166 24.772002321232563
23.746231155778894 21.245408887580417
23.87939698492462 17.257390794757967
24.01256281407035 12.369964641598303
24.14572864321608 5.2710924992904875
24.27889447236181 -4.385775380305264
24.412060301507537 -17.419104348286414
24.545226130653266 -34.8604296886291
24.678391959798994 -57.97864304066523
24.81155778894472 -91.04772378751954
24.94472361809045 -136.55371266700928
25.07788944723618 -184.73857550994498
25.21105527638191 -194.35669410990928
25.344221105527637 -194.09036245161784
25.477386934673365 -193.8240307933264
25.610552763819094 -193.55769913503494
25.74371859296482 -193.29136747674346
25.876884422110553 -193.025035818452
26.01005025125628 -192.75870416016056
26.14321608040201 -192.49237250186908
26.276381909547737 -192.22604084357764
26.409547738693465 -191.9597091852862
26.542713567839193 -191.69337752699474
26.675879396984925 -191.42704586870326
26.809045226130653 -191.1607142104118
26.94221105527638 -190.89438255212036
27.07537688442211 -190.62805089382888
27.208542713567837 -190.36171923553744
27.341708542713565 -190.095387577246
27.474874371859297 -189.8290559189545
27.608040201005025 -189.56272426066306
27.741206030150753 -189.2963926023716
27.87437185929648 -189.03006094408016
28.00753768844221 -188.76372928578868
28.140703517587937 -188.49739762749724
28.27386934673367 -188.2310659692058
28.407035175879397 -187.9647343109143
28.540201005025125 -187.69840265262286
28.673366834170853 -187.4320709943314
28.80653266331658 -187.16573933603996
28.93969849246231 -186.89940767774848
29.07286432160804 -186.63307601945704
29.20603015075377 -186.3667443611656
29.339195979899497 -186.1004127028741
29.472361809045225 -185.83408104458266
29.605527638190953 -185.5677493862912
29.73869346733668 -185.30141772799976
29.871859296482413 -185.03508606970829
30.00502512562814 -184.76875441141684
30.13819095477387 -184.5024227531254
30.271356783919597 -184.2360910948339
30.404522613065325 -183.96975943654246
30.537688442211053 -183.703427778251
30.670854271356784 -183.43709611995953
30.804020100502512 -183.17076446166809
30.93718592964824 -182.90443280337664
31.07035175879397 -182.6381011450852
31.203517587939697 -182.3717694867937
31.336683417085425 -182.10543782850226
31.469849246231156 -181.8391061702108
31.603015075376884 -181.57277451191933
31.736180904522612 -181.30644285362789
31.86934673366834 -181.04011119533644
32.00251256281407 -180.773779537045
32.1356783919598 -180.5074478787535
32.268844221105525 -180.24111622046206
32.402010050251256 -179.9747845621706
32.53517587939699 -179.70845290387913
32.66834170854271 -179.44212124558769
32.80150753768844 -179.17578958729624
32.93467336683417 -178.9094579290048
33.0678391959799 -178.6431262707133
33.201005025125625 -178.37679461242186
33.334170854271356 -178.1104629541304
33.46733668341709 -177.84413129583893
33.60050251256281 -177.57779963754749
33.73366834170854 -177.31146797925604
33.86683417085427 -177.0451363209646
34.0 -176.7788046626731
7.5 -229.7788046626731
7.633165829145729 -29.16077340211267
7.766331658291457 27.39101839193216
7.899497487437186 27.793582678355826
8.032663316582914 28.202972462903077
8.165829145728644 28.622099688510062
8.298994974874372 29.056802981260898
8.4321608040201 29.506294633559328
8.56532663316583 29.964785387565428
8.698492462311558 30.428305102531183
8.831658291457286 30.893586893735325
8.964824120603016 31.358899836460044
9.097989949748744 31.823546650472824
9.231155778894472 32.28674954458577
9.364321608040202 32.74651792815091
9.49748743718593 33.198444010029455
9.630653266331658 33.63495142300396
9.763819095477388 34.020915512133726
9.896984924623116 34.325883399568696
10.030150753768844 34.5494978459969
10.163316582914572 34.704824369906866
10.296482412060302 34.81366271011975
10.42964824120603 34.896972830120525
10.56281407035176 34.970016119792064
10.695979899497488 35.03842908479515
10.829145728643216 35.10371489017162
10.962311557788944 35.166560978370825
11.095477386934673 35.22706141610919
11.228643216080402 35.28432330805567
11.361809045226131 35.338596788531774
11.49497487437186 35.389501136395076
11.628140703517587 35.43663744931789
11.761306532663315 35.47959320529452
11.894472361809045 35.51685647270946
12.027638190954773 35.54837277445505
12.160804020100503 35.57420934401943
12.293969849246231 35.59404415019427
12.42713567839196 35.60758411920615
12.560301507537687 35.613923260521375
12.693467336683417 35.61198108439007
12.826633165829145 35.60291437879492
12.959798994974875 35.586551866024934
13.092964824120603 35.56272390998389
13.226130653266331 35.53126042127704
13.35929648241206 35.48974204522574
13.492462311557789 35.43992666005559
13.625628140703517 35.38182714573552
13.758793969849247 35.31536717577345
13.891959798994975 35.24056817564465
14.025125628140703 35.156435175880716
14.158291457286431 35.06459212070078
14.29145728643216 34.96840578258596
14.424623115577889 34.87152560305427
14.557788944723619 34.77899438065574
14.690954773869347 34.69859915276611
14.824120603015075 34.6469160172568
14.957286432160803 34.62516700565372
15.090452261306531 34.63229872544021
15.22361809045226 34.66437985185098
15.35678391959799 34.71515947864738
15.489949748743719 34.778646955224076
15.623115577889447 34.846975178742106
15.756281407035175 34.91764219917026
15.889447236180905 34.98941741489888
16.02261306532663 35.06159334203561
16.155778894472363 35.133817728775526
16.28894472361809 35.205919734572305
16.42211055276382 35.277866471499465
16.555276381909547 35.34962872156713
16.688442211055275 35.42117960374538
16.821608040201006 35.49249093523585
16.95477386934673 35.56343799420383
17.087939698492463 35.63405214906675
17.22110552763819 35.70429151511522
17.35427135678392 35.77411019685265
17.48743718592965 35.843458122274505
17.620603015075375 35.91216210593347
17.753768844221106 35.980160789128085
17.886934673366834 36.04743536866062
18.020100502512562 36.1139009468213
18.15326633165829 36.179465275304366
18.28643216080402 36.24394193906505
18.41959798994975 36.30697800493958
18.552763819095475 36.36865931529988
18.685929648241206 36.42883468120483
18.819095477386934 36.48734045088226
18.952261306532662 36.54400009037351
19.085427135678394 36.59799954586814
19.21859296482412 36.64945982913123
19.35175879396985 36.69820452404534
19.484924623115578 36.74395196104764
19.618090452261306 36.78639895202258
19.751256281407034 36.8246164816129
19.884422110552762 36.857943299027895
20.017587939698494 36.886505489657914
20.15075376884422 36.909827228028455
20.28391959798995 36.927396624455355
20.417085427135678 36.93845516671877
20.550251256281406 36.94037581541135
20.683417085427134 36.93410547735715
20.816582914572862 36.918845934310326
20.949748743718594 36.893737544150426
21.08291457286432 36.85785690857638
21.21608040201005 36.80730560780226
21.349246231155778 36.74181903687506
21.482412060301506 36.661063312494086
21.615577889447238 36.56356304709256
21.748743718592962 36.4477093948651
21.881909547738694 36.309457552277074
22.015075376884422 36.14306402531351
22.14824120603015 35.94954640854672
22.281407035175878 35.72503151026614
22.414572864321606 35.46450975838576
22.547738693467338 35.1616863931481
22.680904522613062 34.78864543860226
22.814070351758794 34.355116935184036
22.94723618090452 33.92465846838324
23.08040201005025 33.598471570187364
23.21356783919598 33.46680815074857
23.346733668341706 33.451635863344094
23.479899497487438 33.44196123554577
23.613065326633166 33.43057345341157
23.746231155778894 33.416060992718535
23.87939698492462 33.39832973393654
24.01256281407035 33.377161347839426
24.14572864321608 33.35188003518893
24.27889447236181 33.323252075536885
24.412060301507537 33.29126150371213
24.545226130653266 33.25590109031197
24.678391959798994 33.21717317499574
24.81155778894472 33.174317789537774
24.94472361809045 33.127994109488384
25.07788944723618 33.07848633118711
25.21105527638191 33.0259036758362
25.344221105527637 32.97038408959223
25.477386934673365 32.91179983007262
25.610552763819094 32.85038904420462
25.74371859296482 32.78695206297137
25.876884422110553 32.72185500762705
26.01005025125628 32.65551052527567
26.14321608040201 32.58838303787946
26.276381909547737 32.52114043259449
26.409547738693465 32.45462830669096
26.542713567839193 32.38944969652607
26.675879396984925 32.32621369536373
26.809045226130653 32.26552465189617
26.94221105527638 32.20842850282616
27.07537688442211 32.155331348653995
27.208542713567837 32.10639243940106
27.341708542713565 32.06199203635884
27.474874371859297 32.02248514396593
27.608040201005025 31.98830663893729
27.741206030150753 31.959678348297704
27.87437185929648 31.936448244940937
28.00753768844221 31.91890623343478
28.140703517587937 31.90673252580142
28.27386934673367 31.90099979786904
28.407035175879397 31.9017020985405
28.540201005025125 31.908853200949
28.673366834170853 31.92322946704699
28.80653266331658 31.94464601800367
28.93969849246231 31.9724150526858
29.07286432160804 32.00543195402017
29.20603015075377 32.04274963855079
29.339195979899497 32.08330896523855
29.472361809045225 32.121790005863524
29.605527638190953 32.16373333292111
29.73869346733668 32.204112017180385
29.871859296482413 32.24220658966241
30.00502512562814 32.27791976591349
30.13819095477387 32.309229008978456
30.271356783919597 32.333004626684975
30.404522613065325 32.34891232637723
30.537688442211053 32.355245522812126
30.670854271356784 32.34634656986431
30.804020100502512 32.31999293035539
30.93718592964824 32.28444399207337
31.07035175879397 32.20769090728416
31.203517587939697 32.09358240853954
31.336683417085425 31.92607319047115
31.469849246231156 31.687212722059666
31.603015075376884 31.34956200335084
31.736180904522612 30.840439669227823
31.86934673366834 29.0839372750252
32.00251256281407 25.238435762182466
32.1356783919598 3.789503025065327
32.268844221105525 -73.72477493075748
32.402010050251256 -99.04008369697877
32.53517587939699 -109.34523699453406
32.66834170854271 -119.65039029208879
32.80150753768844 -129.95554358964353
32.93467336683417 -140.26069688719883
33.0678391959799 -150.5658501847541
33.201005025125625 -160.87100348230885
33.334170854271356 -171.17615672934247
33.46733668341709 -177.84403116785663
33.60050251256281 -177.57779963754749
33.73366834170854 -177.31146797925604
33.86683417085427 -177.0451363209646
34.0 -176.7788046626731
7.5 -229.7788046626731
7.633165829145729 -29.160836622842158
7.766331658291457 27.39093956963942
7.899497487437186 27.793502042674618
8.032663316582914 28.202889693968594
8.165829145728644 28.62201464250422
8.298994974874372 29.056715964048795
8.4321608040201 29.506206089442795
8.56532663316583 29.964695210941933
8.698492462311558 30.4282138736436
8.831658291457286 30.89349861635092
8.964824120603016 31.358828612392468
9.097989949748744 31.82356294454815
9.231155778894472 32.2870627691496
9.364321608040202 32.747779346262064
9.49748743718593 33.20250117069103
9.630653266331658 33.64579770727724
9.763819095477388 34.05169706710003
9.896984924623116 34.38771996987502
10.030150753768844 34.64167335901913
10.163316582914572 34.819881107622145
10.296482412060302 34.94128098485458
10.42964824120603 35.02949874772961
10.56281407035176 35.10418521278376
10.695979899497488 35.172898909738926
10.829145728643216 35.23771574866101
10.962311557788944 35.299627604002026
11.095477386934673 35.35884655378762
11.228643216080402 35.414436535573465
11.361809045226131 35.46672352044707
11.49497487437186 35.515321547408476
11.628140703517587 35.55983332720935
11.761306532663315 35.5998559290995
11.894472361809045 35.633853213884834
12.027638190954773 35.66187125540409
12.160804020100503 35.684062749105706
12.293969849246231 35.70017060035383
12.42713567839196 35.70996919893853
12.560301507537687 35.71263501682718
12.693467336683417 35.70719794433499
12.826633165829145 35.69484764044238
12.959798994974875 35.675449947696535
13.092964824120603 35.64886522912926
13.226130653266331 35.6149466215642
13.35929648241206 35.571386630772935
13.492462311557789 35.51988413471787
13.625628140703517 35.46047382677424
13.758793969849247 35.39312451831027
13.891959798994975 35.31792401308905
14.025125628140703 35.234113919869465
14.158291457286431 35.143621333196364
14.29145728643216 35.05007122493186
14.424623115577889 34.957482265486725
14.557788944723619 34.87119864669803
14.690954773869347 34.79926853046747
14.824120603015075 34.7575716150867
14.957286432160803 34.74513473351669
15.090452261306531 34.759817018558316
15.22361809045226 34.7971786650849
15.35678391959799 34.85104402485299
15.489949748743719 34.91588516151212
15.623115577889447 34.98485720422648
15.756281407035175 35.05581362468162
15.889447236180905 35.12770010258157
16.02261306532663 35.19991178386911
16.155778894472363 35.27214451737409
16.28894472361809 35.344248001890065
16.42211055276382 35.416194547831736
16.555276381909547 35.48795606922727
16.688442211055275 35.55950613789733
16.821608040201006 35.63081668636296
16.95477386934673 35.70176302559767
17.087939698492463 35.77237651133554
17.22110552763819 35.842615257282404
17.35427135678392 35.912433367863116
17.48743718592965 35.981780770160505
17.620603015075375 36.05048428569566
17.753768844221106 36.118482551771045
17.886934673366834 36.185756760326036
18.020100502512562 36.252222013546124
18.15326633165829 36.31778606366085
18.28643216080402 36.38226249949757
18.41959798994975 36.445298396655815
18.552763819095475 36.50697958979602
18.685929648241206 36.56715489258791
18.819095477386934 36.625660656585886
18.952261306532662 36.68232035184411
19.085427135678394 36.73631994928568
19.21859296482412 36.78778045715337
19.35175879396985 36.836525466962854
19.484924623115578 36.88227332185363
19.618090452261306 36.92472084897703
19.751256281407034 36.96293907670259
19.884422110552762 36.99626680125863
20.017587939698494 37.02483012888609
20.15075376884422 37.048153288815776
20.28391959798995 37.065724460878066
20.417085427135678 37.07678523697266
20.550251256281406 37.07870892471401
20.683417085427134 37.07244255217639
20.816582914572862 37.05718823650746
20.949748743718594 37.03208679884001
21.08291457286432 36.996215458096245
21.21608040201005 36.9456778327337
21.349246231155778 36.88021156875099
21.482412060301506 36.79948597412596
21.615577889447238 36.702031250622866
21.748743718592962 36.586247164039854
21.881909547738694 36.448108594440555
22.015075376884422 36.28192961061255
22.14824120603015 36.08881174897964
22.281407035175878 35.86508231577908
22.414572864321606 35.60617065717188
22.547738693467338 35.30654243098402
22.680904522613062 34.94366589294987
22.814070351758794 34.54212989689406
22.94723618090452 34.18290360877035
23.08040201005025 33.94130277532682
23.21356783919598 33.861908540163256
23.346733668341706 33.852007484880595
23.479899497487438 33.843555852560925
23.613065326633166 33.83273585666348
23.746231155778894 33.8187486477611
23.87939698492462 33.80152179198369
24.01256281407035 33.780834464197376
24.14572864321608 33.75600448571226
24.27889447236181 33.727802301600605
24.412060301507537 33.69621082330221
24.545226130653266 33.661221826099386
24.678391959798994 33.62283681445333
24.81155778894472 33.58028820579701
24.94472361809045 33.53424057596748
25.07788944723618 33.48498117052817
25.21105527638191 33.43262139152798
25.344221105527637 33.37730260680258
25.477386934673365 33.31890084819993
25.610552763819094 33.257664260721675
25.74371859296482 33.194408232219395
25.876884422110553 33.129512526951316
26.01005025125628 33.06340562272827
26.14321608040201 32.996571172198394
26.276381909547737 32.92972032939296
26.409547738693465 32.8637048629904
26.542713567839193 32.79914397054496
26.675879396984925 32.73665991693926
26.809045226130653 32.67686588915673
26.94221105527638 32.62081270468567
27.07537688442211 32.56888098486566
27.208542713567837 32.521214595103054
27.341708542713565 32.47818808284419
27.474874371859297 32.440153196998715
27.608040201005025 32.40753431789214
27.741206030150753 32.380536490410165
27.87437185929648 32.35906036679602
28.00753768844221 32.34342369403888
28.140703517587937 32.33328891380358
28.27386934673367 32.32978787867568
28.407035175879397 32.332919833756776
28.540201005025125 32.342659949483405
28.673366834170853 32.35973540787077
28.80653266331658 32.383845709796425
28.93969849246231 32.41417136876848
29.07286432160804 32.449523122447665
29.20603015075377 32.48886364853589
29.339195979899497 32.53101853759567
29.472361809045225 32.57055988035272
29.605527638190953 32.613040100365545
29.73869346733668 32.65337141508927
29.871859296482413 32.69077900782461
30.00502512562814 32.72509012743615
30.13819095477387 32.7542984103918
30.271356783919597 32.774952207092014
30.404522613065325 32.78675025889919
30.537688442211053 32.78799714504789
30.670854271356784 32.77289287873848
30.804020100502512 32.739395043960364
30.93718592964824 32.696735364603285
31.07035175879397 32.61215468648265
31.203517587939697 32.49058587875378
31.336683417085425 32.316481527637954
31.469849246231156 32.07210945471952
31.603015075376884 31.730096250522948
31.736180904522612 31.218020263080838
31.86934673366834 29.50794174533682
32.00251256281407 25.63617212356178
32.1356783919598 4.160457527833169
32.268844221105525 -73.52341662413816
32.402010050251256 -98.74287813125916
32.53517587939699 -109.07279855929109
32.66834170854271 -119.40271898732246
32.80150753768844 -129.73263941535382
32.93467336683417 -140.0625598433858
33.0678391959799 -150.39248027141767
33.201005025125625 -160.72240069944905
33.334170854271356 -171.05232108949332
33.46733668341709 -177.84400551596354
33.60050251256281 -177.57779963754749
33.73366834170854 -177.31146797925604
33.86683417085427 -177.0451363209646
34.0 -176.7788046626731
7.5 -229.7788046626731
7.633165829145729 -29.160881140855384
7.766331658291457 27.390883926718857
7.899497487437186 27.79344488338611
8.032663316582914 28.202830682677643
8.165829145728644 28.621953517895758
8.298994974874372 29.056652637322625
8.4321608040201 29.50614036248838
8.56532663316583 29.964626156467475
8.698492462311558 30.42814020156148
8.831658291457286 30.893419702131673
8.964824120603016 31.358746869249284
9.097989949748744 31.823499783107987
9.231155778894472 32.28708248341601
9.364321608040202 32.74805759922064
9.49748743718593 33.20350850662638
9.630653266331658 33.64858152209426
9.763819095477388 34.060918865099154
9.896984924623116 34.411126792955834
10.030150753768844 34.68198767716627
10.163316582914572 34.875027841127014
10.296482412060302 35.00549512304031
10.42964824120603 35.09741811135732
10.56281407035176 35.17333660217986
10.695979899497488 35.242245488689434
10.829145728643216 35.30665727395522
10.962311557788944 35.36780149966848
11.095477386934673 35.42598646116194
11.228643216080402 35.48025602000517
11.361809045226131 35.53100546796029
11.49497487437186 35.57785767565866
11.628140703517587 35.62043042696749
11.761306532663315 35.65834261260104
11.894472361809045 35.69007444356426
12.027638190954773 35.71575441835858
12.160804020100503 35.73559559435865
12.293969849246231 35.74938794540657
12.42713567839196 35.75695023874352
12.560301507537687 35.75751464227304
12.693467336683417 35.75017231965452
12.826633165829145 35.73610114492177
12.959798994974875 35.715175045917974
13.092964824120603 35.687258477678824
13.226130653266331 35.652205288071336
13.35929648241206 35.607761243837
13.492462311557789 35.55558020617162
13.625628140703517 35.49570822149399
13.758793969849247 35.42814219401804
13.891959798994975 35.353013453830584
14.025125628140703 35.269715479222555
14.158291457286431 35.18037407854196
14.29145728643216 35.08877435053097
14.424623115577889 34.999144481818725
14.557788944723619 34.916974221168566
14.690954773869347 34.850391037104956
14.824120603015075 34.81468384902153
14.957286432160803 34.807631936569074
15.090452261306531 34.82655373573711
15.22361809045226 34.86680366818918
15.35678391959799 34.92232406937854
15.489949748743719 34.98788257873154
15.623115577889447 35.057194400578545
15.756281407035175 35.12830288355891
15.889447236180905 35.20024746917868
16.02261306532663 35.27247755387851
16.155778894472363 35.34471432061796
16.28894472361809 35.416818261951384
16.42211055276382 35.4887644111602
16.555276381909547 35.56052527543345
16.688442211055275 35.63207466314248
16.821608040201006 35.703384566289
16.95477386934673 35.774330316347545
17.087939698492463 35.84494325637638
17.22110552763819 35.91518149831545
17.35427135678392 35.98499914591744
17.48743718592965 36.054346125024956
17.620603015075375 36.12304926227886
17.753768844221106 36.1910471910513
17.886934673366834 36.2583210988818
18.020100502512562 36.32478608746099
18.15326633165829 36.390349908945275
18.28643216080402 36.454826154650355
18.41959798994975 36.51786190612803
18.552763819095475 36.57954299165299
18.685929648241206 36.63971822638417
18.819095477386934 36.6982239638594
18.952261306532662 36.75488367657414
19.085427135678394 36.80888335240157
19.21859296482412 36.86034399642059
19.35175879396985 36.90908920502232
19.484924623115578 36.954837329764416
19.618090452261306 36.9972852079506
19.751256281407034 37.03550389753033
19.884422110552762 37.06883222649605
20.017587939698494 37.09739631519869
20.15075376884422 37.120720430253805
20.28391959798995 37.13829279916337
20.417085427135678 37.149355085402895
20.550251256281406 37.151280835675664
20.683417085427134 37.14501716364058
20.816582914572862 37.129766420188574
20.949748743718594 37.10466975005047
21.08291457286432 37.06880480400787
21.21608040201005 37.018276626698714
21.349246231155778 36.95282444923902
21.482412060301506 36.87211982989579
21.615577889447238 36.774696912114486
21.748743718592962 36.65896153898999
21.881909547738694 36.52090248345981
22.015075376884422 36.354874458774546
22.14824120603015 36.16203818915219
22.281407035175878 35.93886167859316
22.414572864321606 35.681078865098485
22.547738693467338 35.38367892990739
22.680904522613062 35.02769378440677
22.814070351758794 34.64578084479987
22.94723618090452 34.321757457563166
23.08040201005025 34.11669746316791
23.21356783919598 34.05501532314602
23.346733668341706 34.04689366815101
23.479899497487438 34.03900956872616
23.613065326633166 34.02855802769068
23.746231155778894 34.01492259013666
23.87939698492462 33.998036815888106
24.01256281407035 33.9776784606303
24.14572864321608 33.953161936204296
24.27889447236181 33.92525987327179
24.412060301507537 33.893954680769156
24.545226130653266 33.859237767366444
24.678391959798994 33.82111043274789
24.81155778894472 33.7788018313597
24.94472361809045 33.73298012431796
25.07788944723618 33.68393508831611
25.21105527638191 33.63178052963993
25.344221105527637 33.57666124090274
25.477386934673365 33.51845866508839
25.610552763819094 33.457430706647145
25.74371859296482 33.394403221228174
25.876884422110553 33.32976737951632
26.01005025125628 33.263964652875224
26.14321608040201 33.19749433946639
26.276381909547737 33.13110599300212
26.409547738693465 33.065650570910975
26.542713567839193 33.00175830098661
26.675879396984925 32.94005938692661
26.809045226130653 32.88117067182817
26.94221105527638 32.82614386457149
27.07537688442211 32.77533297388821
27.208542713567837 32.72886340317266
27.341708542713565 32.687098917447535
27.474874371859297 32.65038151966853
27.608040201005025 32.61911991815282
27.741206030150753 32.59349849736352
27.87437185929648 32.57344851973768
28.00753768844221 32.559300048565134
28.140703517587937 32.55069775471638
28.27386934673367 32.54880904054864
28.407035175879397 32.55363082394766
28.540201005025125 32.565113690327735
28.673366834170853 32.583954646209655
28.80653266331658 32.60978414578459
28.93969849246231 32.64170795388796
29.07286432160804 32.67849357911967
29.20603015075377 32.71905908418909
29.339195979899497 32.762171223598024
29.472361809045225 32.802347742006326
29.605527638190953 32.84515508102174
29.73869346733668 32.88547455475561
29.871859296482413 32.92250173779898
30.00502512562814 32.95601912654361
30.13819095477387 32.984025233881354
30.271356783919597 33.00286771217074
30.404522613065325 33.01224344690687
30.537688442211053 33.01043757708837
30.670854271356784 32.991527795943284
30.804020100502512 32.953548423374734
30.93718592964824 32.906302025656316
31.07035175879397 32.816470909655344
31.203517587939697 32.68969945616881
31.336683417085425 32.51084025308048
31.469849246231156 32.26234834925174
31.603015075376884 31.916927862075426
31.736180904522612 31.402408193413798
31.86934673366834 29.724055198243462
32.00251256281407 25.839039891252565
32.1356783919598 4.348167639149836
32.268844221105525 -73.45905686164217
32.402010050251256 -98.59438400873714
32.53517587939699 -108.93667894697923
32.66834170854271 -119.27897388522078
32.80150753768844 -129.62126882346232
32.93467336683417 -139.9635637617044
33.0678391959799 -150.30585869994647
33.201005025125625 -160.64815363818806
33.334170854271356 -170.99044854348662
33.46733668341709 -177.84399033398284
33.60050251256281 -177.57779963754749
33.73366834170854 -177.31146797925604
33.86683417085427 -177.0451363209646
34.0 -176.7788046626731
7.5 -229.7788046626731
7.633165829145729 -29.160911034197586
7.766331658291457 27.3908464854875
7.899497487437186 27.793406290967827
8.032663316582914 28.20279065479642
8.165829145728644 28.621911795899024
8.298994974874372 29.05660901169667
8.4321608040201 29.50609447850954
8.56532663316583 29.96457707661549
8.698492462311558 30.428086503651045
8.831658291457286 30.893359926584203
8.964824120603016 31.358680476596557
9.097989949748744 31.82343395497074
9.231155778894472 32.28704328956485
9.364321608040202 32.74811710781009
9.49748743718593 33.20384507272959
9.630653266331658 33.64957415560482
9.763819095477388 34.06422217207539
9.896984924623116 34.42073972327143
10.030150753768844 34.700603371822645
10.163316582914572 34.902631956572584
10.296482412060302 35.03922716292847
10.42964824120603 35.1337789917529
10.56281407035176 35.21056403865882
10.695979899497488 35.27958514882277
10.829145728643216 35.343668424177494
10.962311557788944 35.404218773710376
11.095477386934673 35.46161895135368
11.228643216080402 35.514909257511675
11.361809045226131 35.5645427345089
11.49497487437186 35.61015715122928
11.628140703517587 35.6513895298211
11.761306532663315 35.687882397301706
11.894472361809045 35.71814604283799
12.027638190954773 35.74236462790823
12.160804020100503 35.76078579122072
12.293969849246231 35.77322644930458
12.42713567839196 35.779528116751806
12.560301507537687 35.77895216832534
12.693467336683417 35.77061553650863
12.826633165829145 35.755672966710016
12.959798994974875 35.73399576199321
13.092964824120603 35.70544457662376
13.226130653266331 35.66986875681027
13.35929648241206 35.625039670604174
13.492462311557789 35.572586073480984
13.625628140703517 35.512562422013815
13.758793969849247 35.44498476950064
13.891959798994975 35.37001372289451
14.025125628140703 35.287139385865814
14.158291457286431 35.19861472484431
14.29145728643216 35.10832288711716
14.424623115577889 35.0206124322769
14.557788944723619 34.94104616540762
14.690954773869347 34.877769063643285
14.824120603015075 34.84565608972115
14.957286432160803 34.84176912544604
15.090452261306531 34.86314128695151
15.22361809045226 34.90503624213672
15.35678391959799 34.96148918764025
15.489949748743719 35.02744925275603
15.623115577889447 35.096950795291
15.756281407035175 35.16814392931302
15.889447236180905 35.240120696687214
16.02261306532663 35.31236082931469
16.155778894472363 35.38459965038734
16.28894472361809 35.456703669760714
16.42211055276382 35.52864943445833
16.555276381909547 35.60040978154503
16.688442211055275 35.671958650511314
16.821608040201006 35.74326806585501
16.95477386934673 35.81421337222447
17.087939698492463 35.88482590214901
17.22110552763819 35.95506376601597
17.35427135678392 36.024881066760734
17.48743718592965 36.09422772904651
17.620603015075375 36.16293058306072
17.753768844221106 36.23092825888531
17.886934673366834 36.29820194053941
18.020100502512562 36.36466672912647
18.15326633165829 36.43023037648182
18.28643216080402 36.494706475424
18.41959798994975 36.55774211130498
18.552763819095475 36.61942310755884
18.685929648241206 36.67959828009867
18.819095477386934 36.73810398353473
18.952261306532662 36.79476369172035
19.085427135678394 36.84876340339546
19.21859296482412 36.90022412108431
19.35175879396985 36.94896944404989
19.484924623115578 36.99471772903707
19.618090452261306 37.03716581963452
19.751256281407034 37.07538479246957
19.884422110552762 37.10871349556425
20.017587939698494 37.137278058193004
20.15075376884422 37.16060277087132
20.28391959798995 37.17817589170642
20.417085427135678 37.18923913025417
20.550251256281406 37.19116618754794
20.683417085427134 37.18490423406563
20.816582914572862 37.169655773608305
20.949748743718594 37.14456216314136
21.08291457286432 37.10870133719514
21.21608040201005 37.05817927740302
21.349246231155778 36.992736263429926
21.482412060301506 36.91204534384985
21.615577889447238 36.814643272459364
21.748743718592962 36.6989399195215
21.881909547738694 36.56093326500388
22.015075376884422 36.395004969303734
22.14824120603015 36.20235496561487
22.281407035175878 35.97954415039734
22.414572864321606 35.72250602828167
22.547738693467338 35.42657094908559
22.680904522613062 35.07503176963785
22.814070351758794 34.70502304168947
22.94723618090452 34.40019665915201
23.08040201005025 34.21378375944383
23.21356783919598 34.1602204322597
23.346733668341706 34.15295474049577
23.479899497487438 34.145398710172095
23.613065326633166 34.135188291086486
23.746231155778894 34.12178632189132
23.87939698492462 34.105128843833924
24.01256281407035 34.08499285934798
24.14572864321608 34.06069108853435
24.27889447236181 34.032997290204946
24.412060301507537 34.00189373415011
24.545226130653266 33.96737181585283
24.678391959798994 33.92943296807644
24.81155778894472 33.88730544568732
24.94472361809045 33.841659832366396
25.07788944723618 33.7927879536018
25.21105527638191 33.74080587944297
25.344221105527637 33.685861468176334
25.477386934673365 33.627841732711005
25.610552763819094 33.56701309990365
25.74371859296482 33.504208554372234
25.876884422110553 33.4398282559135
26.01005025125628 33.37432374836254
26.14321608040201 33.308206350990154
26.276381909547737 33.242256673011575
26.409547738693465 33.177321426506644
26.542713567839193 33.114037744279244
26.675879396984925 33.053039951985696
26.809045226130653 32.99494527720918
26.94221105527638 32.94080313842004
27.07537688442211 32.8909435886548
27.208542713567837 32.845475115646884
27.341708542713565 32.80475042838007
27.474874371859297 32.76910113438998
27.608040201005025 32.73892110053256
27.741206030150753 32.71437659237806
27.87437185929648 32.695418963366436
28.00753768844221 32.68238448598597
28.140703517587937 32.67490378785602
28.27386934673367 32.6741676005683
28.407035175879397 32.68016962190711
28.540201005025125 32.69284506986563
28.673366834170853 32.71287229951258
28.80653266331658 32.73983885894184
28.93969849246231 32.77280558586839
29.07286432160804 32.81051626922229
29.20603015075377 32.85186493580473
29.339195979899497 32.8955853652434
29.472361809045225 32.9361650411911
29.605527638190953 32.979182081076225
29.73869346733668 33.019500423218595
29.871859296482413 33.05629836093244
30.00502512562814 33.08933038706051
30.13819095477387 33.11659652983468
30.271356783919597 33.13431484762502
30.404522613065325 33.142172974316296
30.537688442211053 33.138433365061026
30.670854271356784 33.11708080289464
30.804020100502512 33.076184146606614
30.93718592964824 33.025899754302614
31.07035175879397 32.93250353641103
31.203517587939697 32.80211033073823
31.336683417085425 32.61986981790006
31.469849246231156 32.36838116404444
31.603015075376884 32.02041758419282
31.736180904522612 31.504017983816425
31.86934673366834 29.847536601172273
32.00251256281407 25.955637109692702
32.1356783919598 4.455817188387458
32.268844221105525 -73.45455368816442
32.402010050251256 -98.51087641677118
32.53517587939699 -108.86013032101043
32.66834170854271 -119.20938422524914
32.80150753768844 -129.55863812948786
32.93467336683417 -139.9078920337271
33.0678391959799 -150.25714593796636
33.201005025125625 -160.60639984220506
33.334170854271356 -170.9556537160372
33.46733668341709 -177.84398100489616
33.60050251256281 -177.57779963754749
33.73366834170854 -177.31146797925604
33.86683417085427 -177.0451363209646
34.0 -176.7788046626731
7.5 -229.7788046626731
7.633165829145729 -29.160930312041092
7.766331658291457 27.390822296903515
7.899497487437186 27.79338128623944
8.032663316582914 28.202764618478742
8.165829145728644 28.62188451635936
8.298994974874372 29.0565802750567
8.4321608040201 29.50606394723807
8.56532663316583 29.964544007420596
8.698492462311558 30.42804975680991
8.831658291457286 30.893318169243393
8.964824120603016 31.3586325752671
9.097989949748744 31.823382005669025
9.231155778894472 32.28699827137574
9.364321608040202 32.74811124886381
9.49748743718593 33.20395763972961
9.630653266331658 33.64996972371617
9.763819095477388 34.065561029518705
9.896984924623116 34.424895533798725
10.030150753768844 34.70944032060631
10.163316582914572 34.916663116799235
10.296482412060302 35.05718940465177
10.42964824120603 35.15351614912476
10.56281407035176 35.230881211971464
10.695979899497488 35.29995980917623
10.829145728643216 35.36379292843637
10.962311557788944 35.42390922124685
11.095477386934673 35.48074668166583
11.228643216080402 35.53335164419012
11.361809045226131 35.58222135557935
11.49497487437186 35.62700872760056
11.628140703517587 35.66736822306572
11.761306532663315 35.70296195135844
11.894472361809045 35.732328494452105
12.027638190954773 35.755683748203516
12.160804020100503 35.773291284202884
12.293969849246231 35.78498044536899
12.42713567839196 35.79060170207811
12.560301507537687 35.78942880729867
12.693467336683417 35.780586601989334
12.826633165829145 35.76521029896038
12.959798994974875 35.743167013075265
13.092964824120603 35.71431331211452
13.226130653266331 35.678494816334116
13.35929648241206 35.63349618209298
13.492462311557789 35.58093394581115
13.625628140703517 35.52086887450002
13.758793969849247 35.45332981386724
13.891959798994975 35.378496415442775
14.025125628140703 35.29591875417179
14.158291457286431 35.207928738233626
14.29145728643216 35.11846856513701
14.424623115577889 35.03195627216769
14.557788944723619 34.95399263633216
14.690954773869347 34.89272172421718
14.824120603015075 34.86275114407408
14.957286432160803 34.86072788537772
15.090452261306531 34.883528870401875
15.22361809045226 34.92637487687471
15.35678391959799 34.98336362271665
15.489949748743719 35.04955350828015
15.623115577889447 35.11916344984088
15.756281407035175 35.19040483849777
15.889447236180905 35.2623998666325
16.02261306532663 35.334645622197115
16.155778894472363 35.40688551034604
16.28894472361809 35.47898947757799
16.42211055276382 35.55093493329897
16.555276381909547 35.622694902557264
16.688442211055275 35.69424339931239
16.821608040201006 35.765552466239555
16.95477386934673 35.83649745644971
17.087939698492463 35.907109694513295
17.22110552763819 35.97734728960308
17.35427135678392 36.04716434391391
17.48743718592965 36.11651078114618
17.620603015075375 36.18521343385422
17.753768844221106 36.253210929607754
17.886934673366834 36.32048444981321
18.020100502512562 36.38694909504344
18.15326633165829 36.45251261676627
18.28643216080402 36.51698860867125
18.41959798994975 36.580024158444296
18.552763819095475 36.64170508605402
18.685929648241206 36.70188020774693
18.819095477386934 36.76038587866286
18.952261306532662 36.81704557335499
19.085427135678394 36.87104529724598
19.21859296482412 36.92250605093807
19.35175879396985 36.97125143528956
19.484924623115578 37.0169998100927
19.618090452261306 37.05944802264979
19.751256281407034 37.09766716087894
19.884422110552762 37.13099608489212
20.017587939698494 37.159560929370315
20.15075376884422 37.182885999483155
20.28391959798995 37.20045957219323
20.417085427135678 37.21152338553326
20.550251256281406 37.21345123618942
20.683417085427134 37.20719033094174
20.816582914572862 37.19194326975795
20.949748743718594 37.16685154344152
21.08291457286432 37.13099326579599
21.21608040201005 37.080475010374634
21.349246231155778 37.015037723899965
21.482412060301506 36.93435540405893
21.615577889447238 36.83696646686117
21.748743718592962 36.721283348496755
21.881909547738694 36.58330989563331
22.015075376884422 36.417444947857405
22.14824120603015 36.22491342707247
22.281407035175878 36.00233530014089
22.414572864321606 35.745770350014325
22.547738693467338 35.45076405978671
22.680904522613062 35.1020105005321
22.814070351758794 34.73918716870604
22.94723618090452 34.44529901399841
23.08040201005025 34.26912646423048
23.21356783919598 34.219786171264275
23.346733668341706 34.21298712156026
23.479899497487438 34.20563097511916
23.613065326633166 34.195576833413746
23.746231155778894 34.18232765057472
23.87939698492462 34.16582070441708
24.01256281407035 34.14583263463316
24.14572864321608 34.121675426761485
24.27889447236181 34.094123408665425
24.412060301507537 34.0631589017528
24.545226130653266 34.02877346057945
24.678391959798994 33.99096879984166
24.81155778894472 33.9489734425431
24.94472361809045 33.90345962336512
25.07788944723618 33.85472077782352
25.21105527638191 33.80287492268218
25.344221105527637 33.74807246995432
25.477386934673365 33.690205422575964
25.610552763819094 33.62954715522992
25.74371859296482 33.56693541256428
25.876884422110553 33.50277714653437
26.01005025125628 33.43753140138666
26.14321608040201 33.37171837313445
26.276381909547737 33.3061424363839
26.409547738693465 33.24164490580383
26.542713567839193 33.17886696482792
26.675879396984925 33.11844469213386
26.809045226130653 33.06099405122696
26.94221105527638 33.0075606590933
27.07537688442211 32.95845481443951
27.208542713567837 32.91377117302862
27.341708542713565 32.87385294355942
27.474874371859297 32.83902277543717
27.608040201005025 32.80966238528817
27.741206030150753 32.785923902264706
27.87437185929648 32.767772674607095
28.00753768844221 32.75554850800124
28.140703517587937 32.74887184392367
28.27386934673367 32.748949325975644
28.407035175879397 32.75577204492126
28.540201005025125 32.76926567899062
28.673366834170853 32.79009694817739
28.80653266331658 32.8178261101538
28.93969849246231 32.85148606434278
29.07286432160804 32.88980695198556
29.20603015075377 32.93166911108267
29.339195979899497 32.975786767116475
29.472361809045225 33.016629508478545
29.605527638190953 33.059784265372414
29.73869346733668 33.10010460783428
29.871859296482413 33.13675823074286
30.00502512562814 33.16948158973264
30.13819095477387 33.196275118280134
30.271356783919597 33.21327165542887
30.404522613065325 33.22014953806921
30.537688442211053 33.21515208543368
30.670854271356784 33.19219690359534
30.804020100502512 33.14936890348753
30.93718592964824 33.097050459221045
31.07035175879397 33.001227805541845
31.203517587939697 32.86832838908967
31.336683417085425 32.68371437678747
31.469849246231156 32.43009027416492
31.603015075376884 32.080284250002904
31.736180904522612 31.562497292595175
31.86934673366834 29.92107807202204
32.00251256281407 26.025587042889388
32.1356783919598 4.520373447610236
32.268844221105525 -73.48226925805241
32.402010050251256 -98.46186932785497
32.53517587939699 -108.81520715617059
32.66834170854271 -119.16854498448562
32.80150753768844 -129.5218828128007
32.93467336683417 -139.87522064111633
33.0678391959799 -150.22855846943193
33.201005025125625 -160.581896297747
33.334170854271356 -170.93523409705205
33.46733668341709 -177.84397524517345
33.60050251256281 -177.57779963754749
33.73366834170854 -177.31146797925604
33.86683417085427 -177.0451363209646
34.0 -176.7788046626731
7.5 -229.7788046626731
7.633165829145729 -29.16094233229568
7.766331658291457 27.39080719092031
7.899497487437186 27.793365630886584
8.032663316582914 28.20274826195541
8.165829145728644 28.621867302485203
8.298994974874372 29.056562028514332
8.4321608040201 29.50604440195197
8.56532663316583 29.96452263405291
8.698492462311558 30.42802574682905
8.831658291457286 30.893290528819836
8.964824120603016 31.35860028202513
9.097989949748744 31.82334537760877
9.231155778894472 32.2869619154202
9.364321608040202 32.748089901715375
9.49748743718593 33.20398827638841
9.630653266331658 33.65012883730715
9.763819095477388 34.066139854232866
9.896984924623116 34.426752260100955
10.030150753768844 34.71369601095492
10.163316582914572 34.92381951944276
10.296482412060302 35.06676240435244
10.42964824120603 35.16423877288305
10.56281407035176 35.2419765972092
10.695979899497488 35.311080919540764
10.829145728643216 35.37473428155315
10.962311557788944 35.43454938476249
11.095477386934673 35.49100365307776
11.228643216080402 35.543153357097346
11.361809045226131 35.59152705993878
11.49497487437186 35.63579003759294
11.628140703517587 35.675609902550306
11.761306532663315 35.71066250701808
11.894472361809045 35.739507191863346
12.027638190954773 35.76237515490045
12.160804020100503 35.77953537657291
12.293969849246231 35.79082161598405
12.42713567839196 35.79608659148141
12.560301507537687 35.79460821941155
12.693467336683417 35.78551248494883
12.826633165829145 35.76992178105128
12.959798994974875 35.74770015629947
13.092964824120603 35.71870151264773
13.226130653266331 35.68276931980351
13.35929648241206 35.637695569041604
13.492462311557789 35.58509122603398
13.625628140703517 35.52502143554633
13.758793969849247 35.45752321340554
13.891959798994975 35.38278811023814
14.025125628140703 35.30040245384956
14.158291457286431 35.212745856519646
14.29145728643216 35.123795520593745
14.424623115577889 35.038009542939015
14.557788944723619 34.961009013072896
14.690954773869347 34.900933340976735
14.824120603015075 34.87222548384509
14.957286432160803 34.87129279027983
15.090452261306531 34.89492501108326
15.22361809045226 34.93832151032865
15.35678391959799 34.99561925028102
15.489949748743719 35.06194135250911
15.623115577889447 35.13161357934142
15.756281407035175 35.20288264200789
15.889447236180905 35.2748880985254
16.02261306532663 35.347137022324716
16.155778894472363 35.41937746565623
16.28894472361809 35.491481350042385
16.42211055276382 35.563426579353894
16.555276381909547 35.635186286446036
16.688442211055275 35.70673452784379
16.821608040201006 35.77804335645299
16.95477386934673 35.848988130756425
17.087939698492463 35.91960016966861
17.22110552763819 35.989837581479854
17.35427135678392 36.0596544677986
17.48743718592965 36.129000751606426
17.620603015075375 36.19770326699125
17.753768844221106 36.26570063972125
17.886934673366834 36.33297404936552
18.020100502512562 36.39943859607592
18.15326633165829 36.465002030996736
18.28643216080402 36.52947794830541
18.41959798994975 36.59251343707926
18.552763819095475 36.65419431491149
18.685929648241206 36.71436939816465
18.819095477386934 36.77287504221163
18.952261306532662 36.82953472193672
19.085427135678394 36.883534446744235
19.21859296482412 36.93499521586565
19.35175879396985 36.983740630999364
19.484924623115578 37.02948905366069
19.618090452261306 37.07193733326657
19.751256281407034 37.110156564334794
19.884422110552762 37.143485614033054
20.017587939698494 37.17205062021203
20.15075376884422 37.19537589674562
20.28391959798995 37.21294973185545
20.417085427135678 37.22401388063539
20.550251256281406 37.225942197262086
20.683417085427134 37.21968191104404
20.816582914572862 37.20443568065636
20.949748743718594 37.17934507883737
21.08291457286432 37.14348832935382
21.21608040201005 37.09297236877134
21.349246231155778 37.027538555836905
21.482412060301506 36.946861475075835
21.615577889447238 36.849480570073055
21.748743718592962 36.73380986417729
21.881909547738694 36.59585683313371
22.015075376884422 36.43003094935041
22.14824120603015 36.23757260240915
22.281407035175878 36.01513827058471
22.414572864321606 35.75886555058149
22.547738693467338 35.464432208421556
22.680904522613062 35.11738462962117
22.814070351758794 34.75886431157722
22.94723618090452 34.47131702350681
23.08040201005025 34.300956395507065
23.21356783919598 34.253944377235015
23.346733668341706 34.247412594247116
23.479899497487438 34.24017942693801
23.613065326633166 34.23022501807624
23.746231155778894 34.21707409523943
23.87939698492462 34.20066461905701
24.01256281407035 34.180773081887594
24.14572864321608 34.15671123421486
24.27889447236181 34.12925368237456
24.412060301507537 34.09838287993649
24.545226130653266 34.064090599630845
24.678391959798994 34.02637887166056
24.81155778894472 33.98447695432487
24.94472361809045 33.93905820591872
25.07788944723618 33.89041728487639
25.21105527638191 33.83867377335299
25.344221105527637 33.78398009253442
25.477386934673365 33.72623234469581
25.610552763819094 33.665709273765394
25.74371859296482 33.603251739374755
25.876884422110553 33.53927164316934
26.01005025125628 33.47423342645415
26.14321608040201 33.40866362465217
26.276381909547737 33.34338405013231
26.409547738693465 33.27923078807134
26.542713567839193 33.21684726394843
26.675879396984925 33.15687001950304
26.809045226130653 33.09991318343887
26.94221105527638 33.04701833213802
27.07537688442211 32.99848047251053
27.208542713567837 32.9543837050061
27.341708542713565 32.91506379111078
27.474874371859297 32.88083639331009
27.608040201005025 32.85207401543004
27.741206030150753 32.82891842292851
27.87437185929648 32.81134485954032
28.00753768844221 32.799695322762496
28.140703517587937 32.79358318836384
28.27386934673367 32.79422604011024
28.407035175879397 32.80161313602581
28.540201005025125 32.815664260409896
28.673366834170853 32.83703884003612
28.80653266331658 32.865279599544735
28.93969849246231 32.89940176554135
29.07286432160804 32.93812738924646
29.20603015075377 32.98032873848084
29.339195979899497 33.02470806855305
29.472361809045225 33.06572402344088
29.605527638190953 33.10896986844713
29.73869346733668 33.14929278494132
29.871859296482413 33.185853805608595
30.00502512562814 33.218377640091795
30.13819095477387 33.24486476206298
30.271356783919597 33.261391728571255
30.404522613065325 33.267629394358536
30.537688442211053 33.26180662738822
30.670854271356784 33.23779397322161
30.804020100502512 33.193683957531455
30.93718592964824 33.14000521873915
31.07035175879397 33.04254194359886
31.203517587939697 32.907928847154885
31.336683417085425 32.72167604824985
31.469849246231156 32.46656236477968
31.603015075376884 32.11545679663411
31.736180904522612 31.596679392228324
31.86934673366834 29.965534602213864
32.00251256281407 26.06819389609267
32.1356783919598 4.55970235948784
32.268844221105525 -73.52884628441247
32.402010050251256 -98.43266760252101
32.53517587939699 -108.78843890794776
32.66834170854271 -119.14421021337401
32.80150753768844 -129.49998151880024
32.93467336683417 -139.85575282422698
33.0678391959799 -150.21152412965375
33.201005025125625 -160.56729543507996
33.334170854271356 -170.92306671229775
33.46733668341709 -177.8439717087454
33.60050251256281 -177.57779963754749
33.73366834170854 -177.31146797925604
33.86683417085427 -177.0451363209646
34.0 -176.7788046626731
7.5 -229.7788046626731
7.633165829145729 -29.160949622474067
7.766331658291457 27.39079801637674
7.899497487437186 27.7933561011936
8.032663316582914 28.202738275628857
8.165829145728644 28.62185675179452
8.298994974874372 29.056550784800503
8.4321608040201 29.506032275033522
8.56532663316583 29.964509270518175
8.698492462311558 30.42801061108444
8.831658291457286 30.893272946604363
8.964824120603016 31.35857949902898
9.097989949748744 31.823321177860663
9.231155778894472 32.286936180002606
9.364321608040202 32.74806940239256
9.49748743718593 33.20399052909842
9.630653266331658 33.650190293006794
9.763819095477388 34.06639633643461
9.896984924623116 34.42759891907003
10.030150753768844 34.7157591998292
10.163316582914572 34.927462280410225
10.296482412060302 35.07183937773882
10.42964824120603 35.170034538306766
10.56281407035176 35.24800393324482
10.695979899497488 35.31711761268188
10.829145728643216 35.38064827928437
10.962311557788944 35.4402638414256
11.095477386934673 35.496468853236905
11.228643216080402 35.548329716269926
11.361809045226131 35.59639568740378
11.49497487437186 35.6403408266815
11.628140703517587 35.679841477283595
11.761306532663315 35.71458202457489
11.894472361809045 35.743134931309235
12.027638190954773 35.765737426429986
12.160804020100503 35.7826591914473
12.293969849246231 35.79373487963804
12.42713567839196 35.798816980437856
12.560301507537687 35.797184344863815
12.693467336683417 35.787962300184255
12.826633165829145 35.772265810948674
12.959798994974875 35.749957126357764
13.092964824120603 35.72088869135026
13.226130653266331 35.68490290642265
13.35929648241206 35.639795913660905
13.492462311557789 35.58717622809475
13.625628140703517 35.52711183087734
13.758793969849247 35.45964475200313
13.891959798994975 35.384973731106214
14.025125628140703 35.30270650512524
14.158291457286431 35.21525086436671
14.29145728643216 35.12660445133053
14.424623115577889 35.04124833799158
14.557788944723619 34.964814695962424
14.690954773869347 34.905438783636576
14.824120603015075 34.87746540423717
14.957286432160803 34.87716433059126
15.090452261306531 34.90127630929254
15.22361809045226 34.94498957529771
15.35678391959799 35.002464722749146
15.489949748743719 35.06886261762002
15.623115577889447 35.13857051449327
15.756281407035175 35.20985539960626
15.889447236180905 35.28186679494045
16.02261306532663 35.35411749949583
16.155778894472363 35.42635822921047
16.28894472361809 35.498462037237026
16.42211055276382 35.570407110146476
16.555276381909547 35.64216664244024
16.688442211055275 35.71371471490379
16.821608040201006 35.785023386184285
16.95477386934673 35.855968018118894
17.087939698492463 35.92657992578328
17.22110552763819 35.99681721685968
17.35427135678392 36.06663399252859
17.48743718592965 36.1359801752667
17.620603015075375 36.20468260013055
17.753768844221106 36.272679891656175
17.886934673366834 36.33995322817388
18.020100502512562 36.40641770952729
18.15326633165829 36.471981086609475
18.28643216080402 36.536456953862725
18.41959798994975 36.599492401173336
18.552763819095475 36.6611732445633
18.685929648241206 36.72134830041132
18.819095477386934 36.779853924174354
18.952261306532662 36.83651359087556
19.085427135678394 36.89051331222968
19.21859296482412 36.94197408653168
19.35175879396985 36.99071951589828
19.484924623115578 37.03646796278638
19.618090452261306 37.07891627777845
19.751256281407034 37.11713555914157
19.884422110552762 37.15046467804503
20.017587939698494 37.17902977414699
20.15075376884422 37.20235516635613
20.28391959798995 37.21992914944449
20.417085427135678 37.23099348846759
20.550251256281406 37.232922071284776
20.683417085427134 37.22666214085069
20.816582914572862 37.21141639080705
20.949748743718594 37.1863264428347
21.08291457286432 37.15047058651576
21.21608040201005 37.09995597564403
21.349246231155778 37.03452421731103
21.482412060301506 36.95385025009916
21.615577889447238 36.85647413743828
21.748743718592962 36.74081086060717
21.881909547738694 36.602870085803566
22.015075376884422 36.43706770710951
22.14824120603015 36.244653458924205
22.281407035175878 36.02230585795123
22.414572864321606 35.76620938380166
22.547738693467338 35.47212140060308
22.680904522613062 35.12609779227303
22.814070351758794 34.77012618449094
22.94723618090452 34.48626536094219
23.08040201005025 34.31924259482129
23.21356783919598 34.27354685141004
23.346733668341706 34.26717073176604
23.479899497487438 34.26001277557279
23.613065326633166 34.250120860494256
23.746231155778894 34.23703191542983
23.87939698492462 34.22068429998583
24.01256281407035 34.200854468242085
24.14572864321608 34.17685416976462
24.27889447236181 34.149458141889184
24.412060301507537 34.118648986905356
24.545226130653266 34.08441869152121
24.678391959798994 34.04676957323089
24.81155778894472 34.004931712286584
24.94472361809045 33.959579224234524
25.07788944723618 33.91100766362373
25.21105527638191 33.85933780372753
25.344221105527637 33.80472357066233
25.477386934673365 33.74706422372653
25.610552763819094 33.6866424704387
25.74371859296482 33.62430116792008
25.876884422110553 33.560455706517416
26.01005025125628 33.49557429084369
26.14321608040201 33.43018784783192
26.276381909547737 33.36513053191757
26.409547738693465 33.30123399946318
26.542713567839193 33.2391428475566
26.675879396984925 33.17949348154598
26.809045226130653 33.12289822478477
26.94221105527638 33.07039508030271
27.07537688442211 33.02226780102297
27.208542713567837 32.97859282909565
27.341708542713565 32.93970043407689
27.474874371859297 32.90590115897396
27.608040201005025 32.87756087274379
27.741206030150753 32.85481405725753
27.87437185929648 32.83764288596778
28.00753768844221 32.82639077813374
28.140703517587937 32.82066635353167
28.27386934673367 32.82169465162811
28.407035175879397 32.82946371939078
28.540201005025125 32.843889720830234
28.673366834170853 32.865627513619465
28.80653266331658 32.89420855690775
28.93969849246231 32.928636843448324
29.07286432160804 32.96762954851943
29.20603015075377 33.0100540888802
29.339195979899497 33.054605282486435
29.472361809045225 33.09573497395934
29.605527638190953 33.13904082984887
29.73869346733668 33.17936603963487
29.871859296482413 33.21586741323713
30.00502512562814 33.24826201964155
30.13819095477387 33.27455027071786
30.271356783919597 33.29077175337417
30.404522613065325 33.29659184082335
30.537688442211053 33.290229127410406
30.670854271356784 33.265522061022416
30.804020100502512 33.2205668453876
30.93718592964824 33.16598685460192
31.07035175879397 33.067428571677105
31.203517587939697 32.93166296483163
31.336683417085425 32.74430072357876
31.469849246231156 32.488171552652226
31.603015075376884 32.13617332515876
31.736180904522612 31.616709996916804
31.86934673366834 29.992467029994984
32.00251256281407 26.094198078132987
32.1356783919598 4.583714724072233
32.268844221105525 -73.58687498174224
32.402010050251256 -98.41522684682798
32.53517587939699 -108.77245154856251
32.66834170854271 -119.12967625029647
32.80150753768844 -129.48690095203045
32.93467336683417 -139.84412565376496
33.0678391959799 -150.2013503554995
33.201005025125625 -160.55857505723347
33.334170854271356 -170.91579973122708
33.46733668341709 -177.84396955850676
33.60050251256281 -177.57779963754749
33.73366834170854 -177.31146797925604
33.86683417085427 -177.0451363209646
34.0 -176.7788046626731
7.5 -229.7788046626731
7.633165829145729 -29.160953944902918
7.766331658291457 27.390792569757696
7.899497487437186 27.793350432214005
8.032663316582914 28.202732319084422
8.165829145728644 28.621850436879217
8.298994974874372 29.05654402340976
8.4321608040201 29.506024939450487
8.56532663316583 29.964501135048803
8.698492462311558 30.428001336710846
8.831658291457286 30.89326210109974
8.964824120603016 31.3585665760659
9.097989949748744 31.82330587422628
9.231155778894472 32.2869192245519
9.364321608040202 32.748053898302786
9.49748743718593 33.20398481340263
9.630653266331658 33.65021190051038
9.763819095477388 34.06651026612217
9.896984924623116 34.42798952598086
10.030150753768844 34.7167615163528
10.163316582914572 34.92930847253981
10.296482412060302 35.07451234154615
10.42964824120603 35.17314363042065
10.56281407035176 35.25125286167788
10.695979899497488 35.32036852113997
10.829145728643216 35.38381910207769
10.962311557788944 35.44330771108546
11.095477386934673 35.49935693319239
11.228643216080402 35.55104166329925
11.361809045226131 35.5989240142234
11.49497487437186 35.64268368272991
11.628140703517587 35.682002272049566
11.761306532663315 35.71656897002019
11.894472361809045 35.74496370905368
12.027638190954773 35.767425372438446
12.160804020100503 35.784222799642016
12.293969849246231 35.79519035808943
12.42713567839196 35.800179751445356
12.560301507537687 35.79846977469277
12.693467336683417 35.78918496800463
12.826633165829145 35.77343627792525
12.959798994974875 35.751084999589565
13.092964824120603 35.72198284695504
13.226130653266331 35.68597173000392
13.35929648241206 35.640850143573495
13.492462311557789 35.58822555310851
13.625628140703517 35.52816768994563
13.758793969849247 35.46072156762882
13.891959798994975 35.386090156299815
14.025125628140703 35.303893589257875
14.158291457286431 35.21655598510216
14.29145728643216 35.12808675273527
14.424623115577889 35.042980036056655
14.557788944723619 34.96687411655726
14.690954773869347 34.907901379988644
14.824120603015075 34.88034951402567
14.957286432160803 34.880409994898805
15.090452261306531 34.90479602967214
15.22361809045226 34.94868991757125
15.35678391959799 35.006266085210264
15.489949748743719 35.07270709218117
15.623115577889447 35.142435262303636
15.756281407035175 35.213729126825704
15.889447236180905 35.28574387983956
16.02261306532663 35.35799557832337
16.155778894472363 35.43023645361063
16.28894472361809 35.50234020244904
16.42211055276382 35.574285171859145
16.555276381909547 35.64604459133436
16.688442211055275 35.71759255538714
16.821608040201006 35.78890112586313
16.95477386934673 35.85984566665782
17.087939698492463 35.930457490334426
17.22110552763819 36.000694704172965
17.35427135678392 36.07051140905875
17.48743718592965 36.139857527129735
17.620603015075375 36.208559894040654
17.753768844221106 36.27655713351596
17.886934673366834 36.34383042307896
18.020100502512562 36.41029486236
18.15326633165829 36.475858202071585
18.28643216080402 36.54033403679563
18.41959798994975 36.603369456878625
18.552763819095475 36.66505027733398
18.685929648241206 36.725225314518504
18.819095477386934 36.783730923905686
18.952261306532662 36.84039058056506
19.085427135678394 36.89439029752165
19.21859296482412 36.94585107245306
19.35175879396985 36.994596507670806
19.484924623115578 37.040344966130135
19.618090452261306 37.08279329903678
19.751256281407034 37.12101260673497
19.884422110552762 37.154341762606755
20.017587939698494 37.18290690731624
20.15075376884422 37.206232362618266
20.28391959798995 37.22380642701132
20.417085427135678 37.234870871239714
20.550251256281406 37.23679960246879
20.683417085427134 37.2305398717488
20.816582914572862 37.21529439311271
20.949748743718594 37.19020481686764
21.08291457286432 37.15434947116891
21.21608040201005 37.10383563709609
21.349246231155778 37.038405068322824
21.482412060301506 36.95773291260666
21.615577889447238 36.860359599500185
21.748743718592962 36.74470067641334
21.881909547738694 36.606767104154834
22.015075376884422 36.44097857455064
22.14824120603015 36.24859035118923
22.281407035175878 36.02629398310608
22.414572864321606 35.770301644909054
22.547738693467338 35.476417686275845
22.680904522613062 35.130997571015655
22.814070351758794 34.77651651347113
22.94723618090452 34.49478875403269
23.08040201005025 34.32968384958008
23.21356783919598 34.28473804637115
23.346733668341706 34.27845269976796
23.479899497487438 34.2713401664935
23.613065326633166 34.26148666110523
23.746231155778894 34.24843603144951
23.87939698492462 34.232126876803896
24.01256281407035 34.21233566121561
24.14572864321608 34.188374222854144
24.27889447236181 34.16101735750214
24.412060301507537 34.13024780080047
24.545226130653266 34.09605772007244
24.678391959798994 34.05844966624581
24.81155778894472 34.016654448839155
24.94472361809045 33.97134668589733
25.07788944723618 33.922822565704884
25.21105527638191 33.8712037259659
25.344221105527637 33.816645172223744
25.477386934673365 33.75904847136314
25.610552763819094 33.69869914070333
25.74371859296482 33.63644129301806
25.876884422110553 33.572692702270565
26.01005025125628 33.507924121240826
26.14321608040201 33.44266943390271
26.276381909547737 33.377771252135055
26.409547738693465 33.31405779378362
26.542713567839193 33.25217423126615
26.675879396984925 33.192756624454866
26.809045226130653 33.136415787013114
26.94221105527638 33.084186886483614
27.07537688442211 33.03634573822856
27.208542713567837 32.99296344956698
27.341708542713565 32.95436642355584
27.474874371859297 32.92086162026403
27.608040201005025 32.89281031664797
27.741206030150753 32.87034204317125
27.87437185929648 32.85344372498556
28.00753768844221 32.842459715214176
28.140703517587937 32.83699550897804
28.27386934673367 32.83828113987802
28.407035175879397 32.84630388185642
28.540201005025125 32.86097769213396
28.673366834170853 32.88295458085453
28.80653266331658 32.911758817886174
28.93969849246231 32.946387280293735
29.07286432160804 32.98555418440624
29.20603015075377 33.02812400626715
29.339195979899497 33.07278692732504
29.472361809045225 33.11399055241939
29.605527638190953 33.157335519237726
29.73869346733668 33.197662517809775
29.871859296482413 33.23412568732819
30.00502512562814 33.26643716994513
30.13819095477387 33.29259730426691
30.271356783919597 33.30862167323794
30.404522613065325 33.31417185406166
30.537688442211053 33.30745943923891
30.670854271356784 33.28230152598785
30.804020100502512 33.236796133438986
30.93718592964824 33.1816275636153
31.07035175879397 33.08235065497004
31.203517587939697 32.94582478129718
31.336683417085425 32.75772742315955
31.469849246231156 32.500922200443675
31.603015075376884 32.14832660842349
31.736180904522612 31.628401676278443
31.86934673366834 30.008709107376248
32.00251256281407 26.109992053002447
32.1356783919598 4.59830508972873
32.268844221105525 -73.65194826078938
32.402010050251256 -98.40485502273393
32.53517587939699 -108.76294404314298
32.66834170854271 -119.12103306355145
32.80150753768844 -129.47912208395994
32.93467336683417 -139.83721110436895
33.0678391959799 -150.19530012477796
33.201005025125625 -160.5533891451865
33.334170854271356 -170.91147813812918
33.46733668341709 -177.8439682660735
33.60050251256281 -177.57779963754749
33.73366834170854 -177.31146797925604
33.86683417085427 -177.0451363209646
34.0 -176.7788046626731
7.5 -229.7788046626731
7.633165829145729 -29.160956460713397
7.766331658291457 27.390789395940228
7.899497487437186 27.79334712270505
8.032663316582914 28.20272883326556
8.165829145728644 28.621846729874264
8.298994974874372 29.056540037720996
8.4321608040201 29.50602059299404
8.56532663316583 29.964496288355022
8.698492462311558 30.427995782133678
8.831658291457286 30.893255572064874
8.964824120603016 31.35855875132451
9.097989949748744 31.82329650055863
9.231155778894472 32.286908558627765
9.364321608040202 32.7480433522362
9.49748743718593 33.20397835749115
9.630653266331658 33.65021799809083
9.763819095477388 34.066560361786095
9.896984924623116 34.42817073315871
10.030150753768844 34.71724813289787
10.163316582914572 34.93023927027765
10.296482412060302 35.07590841407537
10.42964824120603 35.17479768083191
10.56281407035176 35.25298938724876
10.695979899497488 35.32210429552424
10.829145728643216 35.3855045740781
10.962311557788944 35.44491518611659
11.095477386934673 35.50087032115811
11.228643216080402 35.5524512072956
11.361809045226131 35.6002275227119
11.49497487437186 35.643882304565764
11.628140703517587 35.6831000858417
11.761306532663315 35.71757253996774
11.894472361809045 35.74588352865133
12.027638190954773 35.76827190738314
12.160804020100503 35.785005485923094
12.293969849246231 35.79591813725183
12.42713567839196 35.80086087881163
12.560301507537687 35.79911226907817
12.693467336683417 35.7897963038486
12.826633165829145 35.77402183891308
12.959798994974875 35.75164968925959
13.092964824120603 35.7225312186198
13.226130653266331 35.686508123630325
13.35929648241206 35.64138022257044
13.492462311557789 35.5887545443696
13.625628140703517 35.528701863602144
13.758793969849247 35.46126892746041
13.891959798994975 35.38666114466088
14.025125628140703 35.304505709249746
14.158291457286431 35.21723605014862
14.29145728643216 35.12886826098703
14.424623115577889 35.04390385495541
14.557788944723619 34.96798449290122
14.690954773869347 34.90924077034714
14.824120603015075 34.881927756836845
14.957286432160803 34.88219279797166
15.090452261306531 34.906733694378076
15.22361809045226 34.95072953444189
15.35678391959799 35.008362673641315
15.489949748743719 35.074827975441615
15.623115577889447 35.144567561973076
15.756281407035175 35.21586647607393
15.889447236180905 35.287883110448895
16.02261306532663 35.36013535881079
16.155778894472363 35.43237630672146
16.28894472361809 35.50448001362904
16.42211055276382 35.576424916796945
16.555276381909547 35.64818426540104
16.688442211055275 35.719732161650775
16.821608040201006 35.79104066915757
16.95477386934673 35.86198515305879
17.087939698492463 35.93259692432149
17.22110552763819 36.00283408996812
17.35427135678392 36.07265075068891
17.48743718592965 36.14199682840249
17.620603015075375 36.21069915912585
17.753768844221106 36.27869636606507
17.886934673366834 36.34596962623254
18.020100502512562 36.41243403911721
18.15326633165829 36.47799735530864
18.28643216080402 36.54247316946018
18.41959798994975 36.60550857217522
18.552763819095475 36.667189377836095
18.685929648241206 36.72736440276879
18.819095477386934 36.7858700024374
18.952261306532662 36.84252965191777
19.085427135678394 36.896529364963435
19.21859296482412 36.94799013885685
19.35175879396985 36.99673557599234
19.484924623115578 37.042484039580685
19.618090452261306 37.08493238115141
19.751256281407034 37.12315170217382
19.884422110552762 37.15648087722606
20.017587939698494 37.1850460475201
20.15075376884422 37.20837153638775
20.28391959798995 37.225945644406394
20.417085427135678 37.237010145507185
20.550251256281406 37.238938957712975
20.683417085427134 37.23267933679123
20.816582914572862 37.21743400845206
20.949748743718594 37.19234463944536
21.08291457286432 37.156489580128266
21.21608040201005 37.105976184826055
21.349246231155778 37.040546292182434
21.482412060301506 36.959875171320455
21.615577889447238 36.86250346417245
21.748743718592962 36.74684704672671
21.881909547738694 36.608917631209216
22.015075376884422 36.443137115128515
22.14824120603015 36.25076397521154
22.281407035175878 36.02849733106784
22.414572864321606 35.77256543634478
22.547738693467338 35.478799907926884
22.680904522613062 35.13372967416731
22.814070351758794 34.78010897510953
22.94723618090452 34.49960500296519
23.08040201005025 34.335596078535744
23.21356783919598 34.29107696734981
23.346733668341706 34.28484422381134
23.479899497487438 34.2777587147881
23.613065326633166 34.267928371065
23.746231155778894 34.254900968690215
23.87939698492462 34.23861525232793
24.01256281407035 34.21884771218681
24.14572864321608 34.19491029286462
24.27889447236181 34.16757781428872
24.412060301507537 34.136833118281274
24.545226130653266 34.10266851121806
24.678391959798994 34.065086719668344
24.81155778894472 34.02331912808186
24.94472361809045 33.97804068182382
25.07788944723618 33.929548002590444
25.21105527638191 33.87796333021441
25.344221105527637 33.82344241539243
25.477386934673365 33.765888439499264
25.610552763819094 33.70558884135352
25.74371859296482 33.6433885082536
25.876884422110553 33.57970679656585
26.01005025125628 33.515016138093344
26.14321608040201 33.449852356214464
26.276381909547737 33.38506369076374
26.409547738693465 33.321475853911004
26.542713567839193 33.25973428011511
26.675879396984925 33.20047466671441
26.809045226130653 33.14430668059223
26.94221105527638 33.0922634004695
27.07537688442211 33.04461524430698
27.208542713567837 33.00142972884693
27.341708542713565 32.96303063581964
27.474874371859297 32.92972250825182
27.608040201005025 32.90186354836291
27.741206030150753 32.879580014822174
27.87437185929648 32.862862010246324
28.00753768844221 32.852054497261676
28.140703517587937 32.84676096181659
28.27386934673367 32.84821471396841
28.407035175879397 32.856402545532944
28.540201005025125 32.8712370809752
28.673366834170853 32.8933685712067
28.80653266331658 32.92231674920495
28.93969849246231 32.957074024953826
29.07286432160804 32.99635281951519
29.20603015075377 33.039015825089436
29.339195979899497 33.08375034474849
29.472361809045225 33.125001350375435
29.605527638190953 33.168371433984056
29.73869346733668 33.208699729078965
29.871859296482413 33.2451387000611
30.00502512562814 33.27739735376543
30.13819095477387 33.30347597035879
30.271356783919597 33.31937478143125
30.404522613065325 33.32475283955529
30.537688442211053 33.31781712207508
30.670854271356784 33.29237085796812
30.804020100502512 33.24651298714028
30.93718592964824 33.19096653325944
31.07035175879397 33.09122675536035
31.203517587939697 32.95420949277646
31.336683417085425 32.7656355927827
31.469849246231156 32.50839071991897
31.603015075376884 32.15540526788675
31.736180904522612 31.635177900615513
31.86934673366834 30.0184257840328
32.00251256281407 26.11950417040783
32.1356783919598 4.607096294584094
32.268844221105525 -73.72135746052764
32.402010050251256 -98.39873385654776
32.53517587939699 -108.75733297413896
32.66834170854271 -119.11593209172962
32.80150753768844 -129.4745312093203
32.93467336683417 -139.8331303269115
33.0678391959799 -150.1917294445027
33.201005025125625 -160.55032856209334
33.334170854271356 -170.90892765237916
33.46733668341709 -177.84396749847485
33.60050251256281 -177.57779963754749
33.73366834170854 -177.31146797925604
33.86683417085427 -177.0451363209646
34.0 -176.7788046626731
