0.0 -inf
0.09090909090909091 -2.9828114786097872
0.1818181818181818 2.3692977738830123
0.27272727272727276 2.196570499909068
0.36363636363636365 2.0238432256448275
0.4545454545454546 1.8511159510226998
0.5454545454545455 1.6783886759593525
0.6363636363636365 1.5056614003520516
0.7272727272727273 1.3329341240741404
0.8181818181818181 1.1602068469694702
0.9090909090909092 0.9874795688455333
0.9999999999999999 0.8147522894649987
1.090909090909091 0.6420250085352706
1.1818181818181817 0.4692977256956261
1.272727272727273 0.2965704405013466
1.3636363636363638 0.12384315240416516
1.4545454545454546 -0.048884139271850834
1.5454545454545454 -0.22161143536002118
1.6363636363636362 -0.39433873688770055
1.7272727272727273 -0.5670660451214616
1.8181818181818183 -0.7397933616227933
1.9090909090909092 -0.9125206883167715
1.9999999999999998 -1.0852480275767216
2.0909090909090913 -1.25797538232859
2.181818181818182 -1.4307027561796168
2.272727272727273 -1.6034301535769804
2.3636363636363633 -1.776157580003368
2.454545454545454 -1.948885042218094
2.545454545454546 -2.1216125485543573
2.6363636363636362 -2.2943401092857103
2.7272727272727275 -2.4670677370778753
2.8181818181818183 -2.639795447545743
2.9090909090909087 -2.81252325994008
3.0000000000000004 -2.985251197994135
3.0909090909090913 -3.15797929096736
3.181818181818182 -3.3307075749321817
3.2727272727272725 -3.503436094360369
3.3636363636363638 -3.676164904078801
3.4545454545454546 -3.848894071680613
3.545454545454546 -4.021623680497784
3.6363636363636367 -4.194353833265873
3.727272727272727 -4.367084656642074
3.8181818181818183 -4.539816306775307
3.909090909090909 -4.712548976173248
3.9999999999999996 -4.885282902168362
4.090909090909091 -5.058018377355212
4.1818181818181825 -5.230755762458044
4.272727272727273 -5.403495502194572
4.363636363636364 -5.57623814483359
4.454545454545455 -5.748984366306493
4.545454545454546 -5.921734999933108
4.636363636363637 -6.09449107306908
4.727272727272727 -6.267253852286487
4.818181818181818 -6.440024899074618
4.909090909090908 -6.612806138510494
5.0 -6.785599943919123
5.090909090909092 -6.958409241246605
5.1818181818181825 -7.131237637736215
5.2727272727272725 -7.304089580566322
5.363636363636364 -7.476970552426656
5.454545454545455 -7.649887312633954
5.545454545454545 -7.822848194390704
5.636363636363637 -7.995863471259769
5.7272727272727275 -8.168945808971658
5.818181818181818 -8.342110822434048
5.909090909090908 -8.51537776243965
6.000000000000001 -8.68877036227266
6.090909090909092 -8.862317881445955
6.181818181818182 -9.036056392471094
6.2727272727272725 -9.210030367251344
6.363636363636364 -9.384294632865615
6.454545454545455 -9.558916782756926
6.545454545454545 -9.733980149368353
6.636363636363637 -9.909587468962753
6.7272727272727275 -10.085865399806739
6.8181818181818175 -10.262970092433568
6.909090909090909 -10.44109405697533
7.000000000000001 -10.620474629608516
7.090909090909092 -10.80140441049925
7.181818181818182 -10.984244132361338
7.272727272727273 -11.169438525668578
7.363636363636364 -11.35753587839953
7.454545454545454 -11.5492121507405
7.545454545454546 -11.745300705584492
7.636363636363637 -11.946828962757824
7.727272727272727 -12.155063589547403
7.818181818181818 -12.371566215675035
7.90909090909091 -12.59826212385092
8.0 -12.83752493771738
8.090909090909092 -13.092281032307884
8.181818181818182 -13.366138258759761
8.272727272727273 -13.663544642633017
8.363636363636365 -13.98998403021414
8.454545454545455 -14.352217276932896
8.545454545454545 -14.758579567648288
8.636363636363637 -15.219346919101199
8.727272727272728 -15.747187952538777
8.818181818181818 -16.35772080052459
8.90909090909091 -17.070287625954126
9.0 -22.130106435477884
0.0 -inf
0.09090909090909091 -2.98319093638258
0.1818181818181818 2.545380353231508
0.27272727272727276 2.372653079257574
0.36363636363636365 2.199925804993344
0.4545454545454546 2.027198530371224
0.5454545454545455 1.854471255307885
0.6363636363636365 1.6817439797005915
0.7272727272727273 1.5090167034226882
0.8181818181818181 1.336289426318026
0.9090909090909092 1.163562148194098
0.9999999999999999 0.9908348688135735
1.090909090909091 0.818107587883857
1.1818181818181817 0.6453803050442264
1.272727272727273 0.4726530198499633
1.3636363636363638 0.29992573175280063
1.4545454545454546 0.12719844007680964
1.5454545454545454 -0.04552885601133188
1.6363636363636362 -0.21825615753897956
1.7272727272727273 -0.39098346577269877
1.8181818181818183 -0.5637107822739799
1.9090909090909092 -0.7364381089678995
1.9999999999999998 -0.9091654482277767
2.0909090909090913 -1.0818928029795554
2.181818181818182 -1.2546201768304805
2.272727272727273 -1.4273475742277209
2.3636363636363633 -1.6000750006539681
2.454545454545454 -1.7728024628685237
2.545454545454546 -1.9455299692045618
2.6363636363636362 -2.1182575299356623
2.7272727272727275 -2.290985157727508
2.8181818181818183 -2.4637128681949974
2.9090909090909087 -2.6364406805888505
3.0000000000000004 -2.809168618642369
3.0909090909090913 -2.9818967116149357
3.181818181818182 -3.1546249955788874
3.2727272727272725 -3.327353515005842
3.3636363636363638 -3.500082324722912
3.4545454545454546 -3.672811492323047
3.545454545454546 -3.8455411011381524
3.6363636363636367 -4.0182712539036505
3.727272727272727 -4.191002077276831
3.8181818181818183 -4.363733727405932
3.909090909090909 -4.53646639679903
3.9999999999999996 -4.7092003227880666
4.090909090909091 -4.88193579796677
4.1818181818181825 -5.054673183060242
4.272727272727273 -5.2274129227857316
4.363636363636364 -5.400155565410556
4.454545454545455 -5.572901786865381
4.545454545454546 -5.745652420469445
4.636363636363637 -5.918408493578396
4.727272727272727 -6.091171272763683
4.818181818181818 -6.263942319509941
4.909090909090908 -6.436723558893605
5.0 -6.609517364239452
5.090909090909092 -6.7823266614896385
5.1818181818181825 -6.955155057885349
5.2727272727272725 -7.1280070005989185
5.363636363636364 -7.300887972315966
5.454545454545455 -7.473804732349493
5.545454545454545 -7.646765613893627
5.636363636363637 -7.819780890503772
5.7272727272727275 -7.992863227899896
5.818181818181818 -8.166028240982198
5.909090909090908 -8.339295180533094
6.000000000000001 -8.512687779823809
6.090909090909092 -8.686235298357962
6.181818181818182 -8.859973808642716
6.2727272727272725 -9.03394778257989
6.363636363636364 -9.208212047263205
6.454545454545455 -9.382834196170965
6.545454545454545 -9.55789756181796
6.636363636363637 -9.733504880598256
6.7272727272727275 -9.909782811015457
6.8181818181818175 -10.08688750399259
6.909090909090909 -10.265011470267813
7.000000000000001 -10.444392047033167
7.090909090909092 -10.625321836060023
7.181818181818182 -10.808161572513427
7.272727272727273 -10.993355990694278
7.363636363636364 -11.181453384443898
7.454545454545454 -11.37312972288512
7.545454545454546 -11.569218382489417
7.636363636363637 -11.770746803494525
7.727272727272727 -11.978981683728957
7.818181818181818 -12.195484698351294
7.90909090909091 -12.422181196862166
8.0 -12.66144490041895
8.090909090909092 -12.916202324645875
8.181818181818182 -13.190061520359086
8.272727272727273 -13.487470792617437
8.363636363636365 -13.813914369364928
8.454545454545455 -14.17615361491828
8.545454545454545 -14.582524370734285
8.636363636363637 -15.043303466885567
8.727272727272728 -15.57116048338652
8.818181818181818 -16.181714629182046
8.90909090909091 -16.894338566764187
9.0 -22.130106435477884
0.0 -inf
0.09090909090909091 -2.9834319357963164
0.1818181818181818 2.612324662913929
0.27272727272727276 2.4395973889400038
0.36363636363636365 2.2668701146757804
0.4545454545454546 2.0941428400536672
0.5454545454545455 1.921415564990334
0.6363636363636365 1.7486882893830464
0.7272727272727273 1.575961013105149
0.8181818181818181 1.4032337360004932
0.9090909090909092 1.2305064578765728
0.9999999999999999 1.0577791784960568
1.090909090909091 0.8850518975663498
1.1818181818181817 0.7123246147267311
1.272727272727273 0.5395973295324817
1.3636363636363638 0.3668700414353345
1.4545454545454546 0.1941427497593656
1.5454545454545454 0.02141545367124833
1.6363636363636362 -0.15131184785637447
1.7272727272727273 -0.3240391560900594
1.8181818181818183 -0.4967664725912992
1.9090909090909092 -0.6694937992851734
1.9999999999999998 -0.8422211385449936
2.0909090909090913 -1.0149484932967023
2.181818181818182 -1.1876758671475531
2.272727272727273 -1.3604032645447055
2.3636363636363633 -1.53313069097086
2.454545454545454 -1.7058581531853059
2.545454545454546 -1.8785856595211867
2.6363636363636362 -2.0513132202521294
2.7272727272727275 -2.224040848043769
2.8181818181818183 -2.396768558511027
2.9090909090909087 -2.5694963709045697
3.0000000000000004 -2.7422243089577902
3.0909090909090913 -2.9149524019299937
3.181818181818182 -3.0876806858934143
3.2727272727272725 -3.2604092053194864
3.3636363636363638 -3.4331380150356936
3.4545454545454546 -3.605867182634767
3.545454545454546 -3.778596791448566
3.6363636363636367 -3.951326944212392
3.727272727272727 -4.124057767583756
3.8181818181818183 -4.296789417710036
3.909090909090909 -4.469522087100012
3.9999999999999996 -4.6422560130850465
4.090909090909091 -4.814991488257882
4.1818181818181825 -4.987728873345088
4.272727272727273 -5.160468613063565
4.363636363636364 -5.333211255678902
4.454545454545455 -5.505957477121189
4.545454545454546 -5.678708110709401
4.636363636363637 -5.8514641837999
4.727272727272727 -6.024226962964097
4.818181818181818 -6.196998009681045
4.909090909090908 -6.369779249027636
5.0 -6.5425730543299
5.090909090909092 -6.715382351526282
5.1818181818181825 -6.888210747857317
5.2727272727272725 -7.0610626904895355
5.363636363636364 -7.2339436621060615
5.454545454545455 -7.4068604220186005
5.545454545454545 -7.579821303414081
5.636363636363637 -7.752836579842815
5.7272727272727275 -7.925918917016075
5.818181818181818 -8.099083929830444
5.909090909090908 -8.272350869061297
6.000000000000001 -8.445743467969038
6.090909090909092 -8.619290986050947
6.181818181818182 -8.793029495812581
6.2727272727272725 -8.967003469153333
6.363636363636364 -9.141267733178765
6.454545454545455 -9.315889881392323
6.545454545454545 -9.490953246359094
6.636363636363637 -9.666560564565497
6.7272727272727275 -9.842838494687925
6.8181818181818175 -10.019943187930334
6.909090909090909 -10.198067155448745
7.000000000000001 -10.377447735167248
7.090909090909092 -10.55837753002101
7.181818181818182 -10.741217276914497
7.272727272727273 -10.926411712884716
7.363636363636364 -11.114509135964735
7.454545454545454 -11.30618552165459
7.545454545454546 -11.502274256139536
7.636363636363637 -11.703802794245338
7.727272727272727 -11.912037855616118
7.818181818181818 -12.128541147915982
7.90909090909091 -12.355238068381034
8.0 -12.594502407872755
8.090909090909092 -12.849260782569088
8.181818181818182 -13.123121385985344
8.272727272727273 -13.420532723259306
8.363636363636365 -13.746979295160935
8.454545454545455 -14.109222830025468
8.545454545454545 -14.515599639121312
8.636363636363637 -14.976387134362136
8.727272727272728 -15.504255581793716
8.818181818181818 -16.114824963378048
8.90909090909091 -16.827489738781424
9.0 -22.130106435477884
0.0 -inf
0.09090909090909091 -2.983567703603759
0.1818181818181818 2.6422868943081355
0.27272727272727276 2.4695596203342154
0.36363636363636365 2.296832346069997
0.4545454545454546 2.124105071447888
0.5454545454545455 1.951377796384559
0.6363636363636365 1.7786505207772756
0.7272727272727273 1.6059232444993827
0.8181818181818181 1.4331959673947319
0.9090909090909092 1.260468689270817
0.9999999999999999 1.0877414098903078
1.090909090909091 0.9150141289606082
1.1818181818181817 0.7422868461209988
1.272727272727273 0.5695595609267605
1.3636363636363638 0.396832272829625
1.4545454545454546 0.22410498115367392
1.5454545454545454 0.05137768506557563
1.6363636363636362 -0.12134961646202895
1.7272727272727273 -0.29407692469568725
1.8181818181818183 -0.46680424119689534
1.9090909090909092 -0.6395315678907365
1.9999999999999998 -0.8122589071505145
2.0909090909090913 -0.9849862619021715
2.181818181818182 -1.1577136357529707
2.272727272727273 -1.3304410331500631
2.3636363636363633 -1.5031684595761603
2.454545454545454 -1.6758959217905394
2.545454545454546 -1.848623428126316
2.6363636363636362 -2.0213509888571664
2.7272727272727275 -2.194078616648681
2.8181818181818183 -2.3668063271158077
2.9090909090909087 -2.5395341395091626
3.0000000000000004 -2.712262077562239
3.0909090909090913 -2.8849901705342673
3.181818181818182 -3.057718454497389
3.2727272727272725 -3.230446973922859
3.3636363636363638 -3.4031757836385537
3.4545454545454546 -3.5759049512369976
3.545454545454546 -3.7486345600500233
3.6363636363636367 -3.9213647128128324
3.727272727272727 -4.094095536183192
3.8181818181818183 -4.2668271863076415
3.909090909090909 -4.439559855695724
3.9999999999999996 -4.612293781678265
4.090909090909091 -4.785029256847078
4.1818181818181825 -4.957766641930308
4.272727272727273 -5.130506381644606
4.363636363636364 -5.3032490242539305
4.454545454545455 -5.475995245687947
4.545454545454546 -5.648745879265553
4.636363636363637 -5.821501952344075
4.727272727272727 -5.994264731495187
4.818181818181818 -6.167035778192609
4.909090909090908 -6.3398170175141395
5.0 -6.512610822787619
5.090909090909092 -6.685420119948367
5.1818181818181825 -6.858248516237046
5.2727272727272725 -7.0311004588152235
5.363636363636364 -7.203981430364631
5.454545454545455 -7.3768981901970205
5.545454545454545 -7.549859071493596
5.636363636363637 -7.722874347801362
5.7272727272727275 -7.8959566848249025
5.818181818181818 -8.069121697459499
5.909090909090908 -8.242388636475955
6.000000000000001 -8.415781235126282
6.090909090909092 -8.589328752903615
6.181818181818182 -8.763067262313488
6.2727272727272725 -8.937041235252712
6.363636363636364 -9.111305498835758
6.454545454545455 -9.285927646583165
6.545454545454545 -9.460991011093588
6.636363636363637 -9.636598328915396
6.7272727272727275 -9.812876258844888
6.8181818181818175 -9.989980952278732
6.909090909090909 -10.168104920647124
7.000000000000001 -10.347485502376296
7.090909090909092 -10.528415301204529
7.181818181818182 -10.711255055211689
7.272727272727273 -10.8964495032964
7.363636363636364 -11.08454694634504
7.454545454545454 -11.276223364190157
7.545454545454546 -11.472312149630502
7.636363636363637 -11.673840767417682
7.727272727272727 -11.88207595202822
7.818181818181818 -12.098579433257445
7.90909090909091 -12.325276640819872
8.0 -12.564541412995522
8.090909090909092 -12.819300434408229
8.181818181818182 -13.093161995628948
8.272727272727273 -13.3905747380863
8.363636363636365 -13.717023348130505
8.454545454545455 -14.079269801859882
8.545454545454545 -14.485650730341545
8.636363636363637 -14.946443941423704
8.727272727272728 -15.474320168001997
8.818181818181818 -16.084899919789358
8.90909090909091 -16.797592477552907
9.0 -22.130106435477884
0.0 -inf
0.09090909090909091 -2.9836409723145185
0.1818181818181818 2.6565268854295754
0.27272727272727276 2.4837996114556593
0.36363636363636365 2.311072337191444
0.4545454545454546 2.138345062569338
0.5454545454545455 1.965617787506012
0.6363636363636365 1.7928905118987313
0.7272727272727273 1.6201632356208415
0.8181818181818181 1.447435958516194
0.9090909090909092 1.2747086803922834
0.9999999999999999 1.101981401011779
1.090909090909091 0.9292541200820849
1.1818181818181817 0.7565268372424824
1.272727272727273 0.5837995520482521
1.3636363636363638 0.41107226395112517
1.4545454545454546 0.23834497227518742
1.5454545454545454 0.06561767618710294
1.6363636363636362 -0.1071096253404888
1.7272727272727273 -0.2798369335741278
1.8181818181818183 -0.45256425007531337
1.9090909090909092 -0.6252915767691312
1.9999999999999998 -0.79801891602888
2.0909090909090913 -0.9707462707805006
2.181818181818182 -1.1434736446312654
2.272727272727273 -1.316201042028319
2.3636363636363633 -1.4889284684543822
2.454545454545454 -1.6616559306687226
2.545454545454546 -1.834383437004433
2.6363636363636362 -2.0071109977352326
2.7272727272727275 -2.1798386255266755
2.8181818181818183 -2.3525663359937328
2.9090909090909087 -2.5252941483869797
3.0000000000000004 -2.6980220864399977
3.0909090909090913 -2.8707501794119574
3.181818181818182 -3.0434784633749223
3.2727272727272725 -3.2162069828
3.3636363636363638 -3.3889357925154067
3.4545454545454546 -3.561664960113498
3.545454545454546 -3.734394568926091
3.6363636363636367 -3.907124721688313
3.727272727272727 -4.0798555450581615
3.8181818181818183 -4.252587195181474
3.909090909090909 -4.425319864568466
3.9999999999999996 -4.5980537905495265
4.090909090909091 -4.770789265715698
4.1818181818181825 -4.943526650796517
4.272727272727273 -5.116266390508461
4.363636363636364 -5.289009033114144
4.454545454545455 -5.4617552545429335
4.545454545454546 -5.634505888113743
4.636363636363637 -5.807261961184826
4.727272727272727 -5.980024740328198
4.818181818181818 -6.1527957870131615
4.909090909090908 -6.325577026318474
5.0 -6.498370831573746
5.090909090909092 -6.671180128711891
5.1818181818181825 -6.844008524974004
5.2727272727272725 -7.016860467517799
5.363636363636364 -7.189741439024288
5.454545454545455 -7.362658198805825
5.545454545454545 -7.535619080039376
5.636363636363637 -7.708634356269891
5.7272727272727275 -7.88171669319712
5.818181818181818 -8.05488170571621
5.909090909090908 -8.228148644595134
6.000000000000001 -8.401541243079794
6.090909090909092 -8.575088760660734
6.181818181818182 -8.74882726984414
6.2727272727272725 -8.922801242524567
6.363636363636364 -9.097065505822814
6.454545454545455 -9.271687653270565
6.545454545454545 -9.446751017487921
6.636363636363637 -9.622358335063064
6.7272727272727275 -9.79863626487186
6.8181818181818175 -9.975740958437413
6.909090909090909 -10.153864927362287
7.000000000000001 -10.333245510402183
7.090909090909092 -10.514175311825385
7.181818181818182 -10.697015070472311
7.272727272727273 -10.882209526453739
7.363636363636364 -11.070306982514994
7.454545454545454 -11.261983421305981
7.545454545454546 -11.458072239934362
7.636363636363637 -11.65960090961558
7.727272727272727 -11.867836174477654
7.818181818181818 -12.084339778734831
7.90909090909091 -12.31103717325019
8.0 -12.550302227173702
8.090909090909092 -12.805061669711957
8.181818181818182 -13.078923854606137
8.272727272727273 -13.37633751211582
8.363636363636365 -13.702787449379292
8.454545454545455 -14.065035803846857
8.545454545454545 -14.471419414845943
8.636363636363637 -14.93221634797207
8.727272727272728 -15.460097640006591
8.818181818181818 -16.070684145202932
8.90909090909091 -16.783394786195473
9.0 -22.130106435477884
0.0 -inf
0.09090909090909091 -2.9836797498460674
0.1818181818181818 2.6634755320546613
0.27272727272727276 2.4907482580807474
0.36363636363636365 2.3180209838165338
0.4545454545454546 2.14529370919443
0.5454545454545455 1.9725664341311056
0.6363636363636365 1.799839158523827
0.7272727272727273 1.6271118822459394
0.8181818181818181 1.4543846051412939
0.9090909090909092 1.281657327017386
0.9999999999999999 1.108930047636885
1.090909090909091 0.9362027667071949
1.1818181818181817 0.7634754838675971
1.272727272727273 0.5907481986733724
1.3636363636363638 0.41802091057625135
1.4545454545454546 0.24529361890032292
1.5454545454545454 0.0725663228122481
1.6363636363636362 -0.10016097871533507
1.7272727272727273 -0.2728882869489611
1.8181818181818183 -0.4456156034501311
1.9090909090909092 -0.6183429301439335
1.9999999999999998 -0.7910702694036624
2.0909090909090913 -0.9637976241552589
2.181818181818182 -1.136524998006002
2.272727272727273 -1.309252395403031
2.3636363636363633 -1.4819798218290747
2.454545454545454 -1.6547072840433938
2.545454545454546 -1.827434790379064
2.6363636363636362 -2.0001623511098376
2.7272727272727275 -2.1728899789012406
2.8181818181818183 -2.3456176893682636
2.9090909090909087 -2.518345501761452
3.0000000000000004 -2.691073439814454
3.0909090909090913 -2.8638015327863977
3.181818181818182 -3.0365298167492862
3.2727272727272725 -3.2092583361741176
3.3636363636363638 -3.381987145889371
3.4545454545454546 -3.5547163134872752
3.545454545454546 -3.727445922299639
3.6363636363636367 -3.9001760750615366
3.727272727272727 -4.07290689843115
3.8181818181818183 -4.2456385485537815
3.909090909090909 -4.418371217940172
3.9999999999999996 -4.591105143920388
4.090909090909091 -4.763840619084893
4.1818181818181825 -4.936578004164304
4.272727272727273 -5.109317743874987
4.363636363636364 -5.28206038647855
4.454545454545455 -5.454806607904155
4.545454545454546 -5.627557241470769
4.636363636363637 -5.800313314537398
4.727272727272727 -5.973076093676375
4.818181818181818 -6.145847140353677
4.909090909090908 -6.318628379648877
5.0 -6.491422184893049
5.090909090909092 -6.664231482017373
5.1818181818181825 -6.837059878263426
5.2727272727272725 -7.009911820786137
5.363636363636364 -7.1827927922661745
5.454545454545455 -7.355709552016611
5.545454545454545 -7.528670433211453
5.636363636363637 -7.701685709394423
5.7272727272727275 -7.874768046261952
5.818181818181818 -8.04793305870953
5.909090909090908 -8.221199997503431
6.000000000000001 -8.394592595885358
6.090909090909092 -8.568140113344286
6.181818181818182 -8.74187862238721
6.2727272727272725 -8.915852594906932
6.363636363636364 -9.090116858028528
6.454545454545455 -9.264739005290686
6.545454545454545 -9.439802369326708
6.636363636363637 -9.615409686749448
6.7272727272727275 -9.791687616485547
6.8181818181818175 -9.968792310137957
6.909090909090909 -10.146916279413718
7.000000000000001 -10.326296863276605
7.090909090909092 -10.507226666331452
7.181818181818182 -10.690066427892795
7.272727272727273 -10.875260888831493
7.363636363636364 -11.063358353059233
7.454545454545454 -11.255034804990416
7.545454545454546 -11.451123644436127
7.636363636363637 -11.652652346665539
7.727272727272727 -11.860887661854772
7.818181818181818 -12.077391343264186
7.90909090909091 -12.304088855018259
8.0 -12.54335408561954
8.090909090909092 -12.798113792237146
8.181818181818182 -13.07197636820455
8.272727272727273 -13.369390599528538
8.363636363636365 -13.695841369047619
8.454545454545455 -14.058090915386645
8.545454545454545 -14.464476208451376
8.636363636363637 -14.925275475378111
8.727272727272728 -15.453159943375601
8.818181818181818 -16.063750683195035
8.90909090909091 -16.77647265681806
9.0 -22.130106435477884
0.0 -inf
0.09090909090909091 -2.9837000531981794
0.1818181818181818 2.6669086037475447
0.27272727272727276 2.4941813297736326
0.36363636363636365 2.3214540555094203
0.4545454545454546 2.1487267808873174
0.5454545454545455 1.9759995058239943
0.6363636363636365 1.803272230216717
0.7272727272727273 1.6305449539388308
0.8181818181818181 1.4578176768341868
0.9090909090909092 1.2850903987102809
0.9999999999999999 1.1123631193297823
1.090909090909091 0.9396358384000943
1.1818181818181817 0.7669085555604997
1.272727272727273 0.5941812703662788
1.3636363636363638 0.4214539822691616
1.4545454545454546 0.24872669059323946
1.5454545454545454 0.07599939450517094
1.6363636363636362 -0.09672790702240683
1.7272727272727273 -0.269455215256024
1.8181818181818183 -0.4421825317571839
1.9090909090909092 -0.6149098584509765
1.9999999999999998 -0.7876371977106927
2.0909090909090913 -0.9603645524622737
2.181818181818182 -1.1330919263130033
2.272727272727273 -1.3058193237100175
2.3636363636363633 -1.4785467501360505
2.454545454545454 -1.6512742123503585
2.545454545454546 -1.8240017186860042
2.6363636363636362 -1.9967292794167653
2.7272727272727275 -2.1694569072081475
2.8181818181818183 -2.3421846176751555
2.9090909090909087 -2.5149124300683128
3.0000000000000004 -2.6876403681213175
3.0909090909090913 -2.8603684610932665
3.181818181818182 -3.0330967450561217
3.2727272727272725 -3.205825264480803
3.3636363636363638 -3.3785540741959785
3.4545454545454546 -3.5512832417937887
3.545454545454546 -3.7240128506060373
3.6363636363636367 -3.8967430033677632
3.727272727272727 -4.069473826737282
3.8181818181818183 -4.242205476859518
3.909090909090909 -4.414938146245593
3.9999999999999996 -4.5876720722253435
4.090909090909091 -4.760407547388828
4.1818181818181825 -4.933144932467445
4.272727272727273 -5.105884672177486
4.363636363636364 -5.278627314779852
4.454545454545455 -5.451373536203577
4.545454545454546 -5.624124169767678
4.636363636363637 -5.796880242831722
4.727272727272727 -5.969643021968293
4.818181818181818 -6.142414068641027
4.909090909090908 -6.315195307930117
5.0 -6.487989113167725
5.090909090909092 -6.660798410283854
5.1818181818181825 -6.833626806520494
5.2727272727272725 -7.0064787490306655
5.363636363636364 -7.1793597204948965
5.454545454545455 -7.352276480226889
5.545454545454545 -7.525237361398678
5.636363636363637 -7.698252637553271
5.7272727272727275 -7.871334974384926
5.818181818181818 -8.044499986789576
5.909090909090908 -8.217766925532521
6.000000000000001 -8.39115952385269
6.090909090909092 -8.564707041238135
6.181818181818182 -8.738445550196582
6.2727272727272725 -8.912419522619567
6.363636363636364 -9.086683785634946
6.454545454545455 -9.261305932785671
6.545454545454545 -9.436369296712927
6.636363636363637 -9.611976614044389
6.7272727272727275 -9.788254543738061
6.8181818181818175 -9.965359237445737
6.909090909090909 -10.143483206935867
7.000000000000001 -10.32286379129951
7.090909090909092 -10.503793595348405
7.181818181818182 -10.686633358683592
7.272727272727273 -10.871827822637739
7.363636363636364 -11.059925291831654
7.454545454545454 -11.251601751750613
7.545454545454546 -11.447690603849159
7.636363636363637 -11.649219325859862
7.727272727272727 -11.857454671631336
7.818181818181818 -12.073958399922933
7.90909090909091 -12.300655982916615
8.0 -12.539921320870443
8.090909090909092 -12.79468118794649
8.181818181818182 -13.068544001522012
8.272727272727273 -13.365958581499173
8.363636363636365 -13.692409856683877
8.454545454545455 -14.054660127165945
8.545454545454545 -14.461046442171154
8.636363636363637 -14.921847126921291
8.727272727272728 -15.449733524226504
8.818181818181818 -16.06032683661106
8.90909090909091 -16.773055691063416
9.0 -22.130106435477884
0.0 -inf
0.09090909090909091 -2.9837106151847816
0.1818181818181818 2.668615016101419
0.27272727272727276 2.495887742127507
0.36363636363636365 2.3231604678632958
0.4545454545454546 2.1504331932411938
0.5454545454545455 1.9777059181778711
0.6363636363636365 1.8049786425705945
0.7272727272727273 1.6322513662927092
0.8181818181818181 1.4595240891880663
0.9090909090909092 1.2867968110641612
0.9999999999999999 1.1140695316836642
1.090909090909091 0.9413422507539778
1.1818181818181817 0.7686149679143853
1.272727272727273 0.5958876827201668
1.3636363636363638 0.4231603946230518
1.4545454545454546 0.2504331029471338
1.5454545454545454 0.07770580685906946
1.6363636363636362 -0.09502149466850496
1.7272727272727273 -0.26774880290211667
1.8181818181818183 -0.44047611940327014
1.9090909090909092 -0.6132034460970565
1.9999999999999998 -0.7859307853567649
2.0909090909090913 -0.9586581401083362
2.181818181818182 -1.1313855139590578
2.272727272727273 -1.304112911356063
2.3636363636363633 -1.4768403377820907
2.454545454545454 -1.6495677999963927
2.545454545454546 -1.8222953063320246
2.6363636363636362 -1.9950228670627799
2.7272727272727275 -2.1677504948541513
2.8181818181818183 -2.3404782053211535
2.9090909090909087 -2.513206017714295
3.0000000000000004 -2.6859339557673088
3.0909090909090913 -2.8586620487392693
3.181818181818182 -3.031390332702112
3.2727272727272725 -3.204118852126704
3.3636363636363638 -3.3768476618418433
3.4545454545454546 -3.549576829439608
3.545454545454546 -3.722306438251802
3.6363636363636367 -3.8950365910134406
3.727272727272727 -4.0677674143829305
3.8181818181818183 -4.240499064504943
3.909090909090909 -4.413231733890858
3.9999999999999996 -4.585965659870361
4.090909090909091 -4.758701135033238
4.1818181818181825 -4.931438520111418
4.272727272727273 -5.104178259821149
4.363636363636364 -5.276920902422859
4.454545454545455 -5.449667123845502
4.545454545454546 -5.622417757408136
4.636363636363637 -5.795173830470717
4.727272727272727 -5.967936609606014
4.818181818181818 -6.140707656276091
4.909090909090908 -6.3134888955615835
5.0 -6.486282700795408
5.090909090909092 -6.659091997906798
5.1818181818181825 -6.831920394138059
5.2727272727272725 -7.004772336640962
5.363636363636364 -7.177653308095984
5.454545454545455 -7.350570067817313
5.545454545454545 -7.523530948975716
5.636363636363637 -7.696546225113798
5.7272727272727275 -7.869628561924438
5.818181818181818 -8.042793574303971
5.909090909090908 -8.216060513017144
6.000000000000001 -8.38945311130112
6.090909090909092 -8.563000628643435
6.181818181818182 -8.736739137552362
6.2727272727272725 -8.910713109918591
6.363636363636364 -9.084977372871716
6.454545454545455 -9.259599519957225
6.545454545454545 -9.434662883820888
6.636363636363637 -9.610270201099063
6.7272727272727275 -9.786548130768614
6.8181818181818175 -9.96365282451043
6.909090909090909 -10.14177679412816
7.000000000000001 -10.321157378788698
7.090909090909092 -10.502087183427658
7.181818181818182 -10.684926947814818
7.272727272727273 -10.870121413556246
7.363636363636364 -11.058218885692844
7.454545454545454 -11.249895350343207
7.545454545454546 -11.445984209935352
7.636363636363637 -11.647512943660503
7.727272727272727 -11.855748307540216
7.818181818181818 -12.072252063590897
7.90909090909091 -12.29894968876476
8.0 -12.53821509027769
8.090909090909092 -12.792975052353654
8.181818181818182 -13.066838006597163
8.272727272727273 -13.36425279299004
8.363636363636365 -13.690704367535146
8.454545454545455 -14.052955066704143
8.545454545454545 -14.45934198666771
8.636363636363637 -14.920143510672352
8.727272727272728 -15.448031049898667
8.818181818181818 -16.058625885004236
8.90909090909091 -16.77135880998472
9.0 -22.130106435477884
0.0 -inf
0.09090909090909091 -2.9837160870910036
0.1818181818181818 2.6694657145591787
0.27272727272727276 2.4967384405852675
0.36363636363636365 2.3240111663210565
0.4545454545454546 2.151283891698955
0.5454545454545455 1.9785566166356325
0.6363636363636365 1.8058293410283566
0.7272727272727273 1.6331020647504717
0.8181818181818181 1.4603747876458293
0.9090909090909092 1.287647509521925
0.9999999999999999 1.1149202301414287
1.090909090909091 0.9421929492117436
1.1818181818181817 0.7694656663721523
1.272727272727273 0.5967383811779352
1.3636363636363638 0.42401109308082174
1.4545454545454546 0.2512838014049063
1.5454545454545454 0.07855650531684438
1.6363636363636362 -0.09417079621072802
1.7272727272727273 -0.26689810444433615
1.8181818181818183 -0.43962542094548585
1.9090909090909092 -0.6123527476392684
1.9999999999999998 -0.7850800868989721
2.0909090909090913 -0.9578074416505372
2.181818181818182 -1.1305348155012542
2.272727272727273 -1.3032622128982543
2.3636363636363633 -1.475989639324279
2.454545454545454 -1.6487171015385784
2.545454545454546 -1.8214446078742024
2.6363636363636362 -1.9941721686049554
2.7272727272727275 -2.1668997963963217
2.8181818181818183 -2.339627506863322
2.9090909090909087 -2.5123553192564563
3.0000000000000004 -2.6850832573094787
3.0909090909090913 -2.857811350281451
3.181818181818182 -3.0305396342442905
3.2727272727272725 -3.203268153668831
3.3636363636363638 -3.3759969633839533
3.4545454545454546 -3.548726130981698
3.545454545454546 -3.7214557397938686
3.6363636363636367 -3.8941858925554644
3.727272727272727 -4.066916715924952
3.8181818181818183 -4.2396483660468425
3.909090909090909 -4.412381035432679
3.9999999999999996 -4.585114961412054
4.090909090909091 -4.757850436574576
4.1818181818181825 -4.930587821652521
4.272727272727273 -5.103327561362112
4.363636363636364 -5.276070203963472
4.454545454545455 -5.448816425385504
4.545454545454546 -5.621567058947299
4.636363636363637 -5.794323132009072
4.727272727272727 -5.9670859111437125
4.818181818181818 -6.1398569578122775
4.909090909090908 -6.312638197095694
5.0 -6.485432002327382
5.090909090909092 -6.658241299436091
5.1818181818181825 -6.831069695664342
5.2727272727272725 -7.003921638163117
5.363636363636364 -7.176802609612885
5.454545454545455 -7.3497193693281755
5.545454545454545 -7.522680250478967
5.636363636363637 -7.69569552660764
5.7272727272727275 -7.868777863406225
5.818181818181818 -8.041942875771365
5.909090909090908 -8.215209814467501
6.000000000000001 -8.388602412730709
6.090909090909092 -8.562149930048227
6.181818181818182 -8.735888438928729
6.2727272727272725 -8.909862411262347
6.363636363636364 -9.084126674179743
6.454545454545455 -9.258748821227872
6.545454545454545 -9.433812185055125
6.636363636363637 -9.609419502302835
6.7272727272727275 -9.785697431958962
6.8181818181818175 -9.962802125721367
6.909090909090909 -10.14092609541345
7.000000000000001 -10.32030668024633
7.090909090909092 -10.501236485228194
7.181818181818182 -10.684076250226138
7.272727272727273 -10.8692707170047
7.363636363636364 -11.057368190848436
7.454545454545454 -11.249044658242656
7.545454545454546 -11.445133522179912
7.636363636363637 -11.646662262697054
7.727272727272727 -11.854897637074409
7.818181818181818 -12.071401409217094
7.90909090909091 -12.29809905884226
8.0 -12.53736449719768
8.090909090909092 -12.792124514340234
8.181818181818182 -13.065987550116574
8.272727272727273 -13.363402456153857
8.363636363636365 -13.689854204208775
8.454545454545455 -14.052105151835582
8.545454545454545 -14.458492422405145
8.636363636363637 -14.919294432768243
8.727272727272728 -15.447182633691007
8.818181818181818 -16.057778351181803
8.90909090909091 -16.77051363361802
9.0 -22.130106435477884
0.0 -inf
0.09090909090909091 -2.983718914164282
0.1818181818181818 2.6698904397206418
0.27272727272727276 2.497163165746731
0.36363636363636365 2.32443589148252
0.4545454545454546 2.151708616860419
0.5454545454545455 1.9789813417970972
0.6363636363636365 1.8062540661898212
0.7272727272727273 1.6335267899119366
0.8181818181818181 1.4607995128072946
0.9090909090909092 1.2880722346833908
0.9999999999999999 1.1153449553028951
1.090909090909091 0.9426176743732104
1.1818181818181817 0.7698903915336198
1.272727272727273 0.5971631063394036
1.3636363636363638 0.42443581824229104
1.4545454545454546 0.2517085265663773
1.5454545454545454 0.07898123047831679
1.6363636363636362 -0.09374607104925425
1.7272727272727273 -0.2664733792828605
1.8181818181818183 -0.43920069578400783
1.9090909090909092 -0.6119280224777882
1.9999999999999998 -0.7846553617374888
2.0909090909090913 -0.9573827164890506
2.181818181818182 -1.130110090339765
2.272727272727273 -1.3028374877367621
2.3636363636363633 -1.4755649141627851
2.454545454545454 -1.6482923763770834
2.545454545454546 -1.8210198827127027
2.6363636363636362 -1.993747443443455
2.7272727272727275 -2.166475071234819
2.8181818181818183 -2.3392027817018195
2.9090909090909087 -2.5119305940949506
3.0000000000000004 -2.6846585321479797
3.0909090909090913 -2.857386625119961
3.181818181818182 -3.0301149090828012
3.2727272727272725 -3.2028434285073124
3.3636363636363638 -3.375572238222428
3.4545454545454546 -3.548301405820165
3.545454545454546 -3.7210310146323256
3.6363636363636367 -3.893761167393902
3.727272727272727 -4.066491990763398
3.8181818181818183 -4.23922364088522
3.909090909090909 -4.411956310271021
3.9999999999999996 -4.584690236250331
4.090909090909091 -4.75742571141265
4.1818181818181825 -4.930163096490473
4.272727272727273 -5.102902836200005
4.363636363636364 -5.275645478801181
4.454545454545455 -5.4483917002228734
4.545454545454546 -5.621142333784198
4.636363636363637 -5.793898406845531
4.727272727272727 -5.966661185979844
4.818181818181818 -6.139432232647563
4.909090909090908 -6.312213471929803
5.0 -6.485007277160305
5.090909090909092 -6.657816574267522
5.1818181818181825 -6.830644970494118
5.2727272727272725 -7.003496912990589
5.363636363636364 -7.176377884437409
5.454545454545455 -7.349294644149339
5.545454545454545 -7.522255525295874
5.636363636363637 -7.695270801419277
5.7272727272727275 -7.868353138211063
5.818181818181818 -8.041518150568093
5.909090909090908 -8.214785089254647
6.000000000000001 -8.388177687506136
6.090909090909092 -8.561725204809642
6.181818181818182 -8.735463713674104
6.2727272727272725 -8.909437685989301
6.363636363636364 -9.083701948886537
6.454545454545455 -9.258324095913608
6.545454545454545 -9.433387459720365
6.636363636363637 -9.608994776950952
6.7272727272727275 -9.785272706599745
6.8181818181818175 -9.962377400374322
6.909090909090909 -10.140501370108986
7.000000000000001 -10.319881955040195
7.090909090909092 -10.500811760217914
7.181818181818182 -10.683651525564407
7.272727272727273 -10.8688459929345
7.363636363636364 -11.056943467751653
7.454545454545454 -11.248619936709883
7.545454545454546 -11.444708803123527
7.636363636363637 -11.646237547511292
7.727272727272727 -11.854472927870225
7.818181818181818 -12.070976709181933
7.90909090909091 -12.297674372738765
8.0 -12.536939832084894
8.090909090909092 -12.79169988060066
8.181818181818182 -13.065562962825869
8.272727272727273 -13.362977937025626
8.363636363636365 -13.689429783925817
8.454545454545455 -14.05168087308823
8.545454545454545 -14.458068343373435
8.636363636363637 -14.918870630759818
8.727272727272728 -15.446759208539385
8.818181818181818 -16.057355428590334
8.90909090909091 -16.770092052950563
9.0 -22.130106435477884
